Time,D_IH1,D_IH2,D_IM1,D_IM2,D_RH1,D_RH2,D_SH1,D_SH2,D_SM1,D_SM2,IH1,IH2,IH_1,IH_1_2_IH,IH_1_RH,IH_2,IH_2_1_IH,IH_2_RH,IM1,IM2,IM_1,IM_1_2_IM,IM_2,IM_2_1_IM,RH1,RH2,RH_1,RH_1_2_RH,RH_2,RH_2_1_RH,SH1,SH2,SH_1,SH_1_2_IM,SH_1_2_SH,SH_1_IM,SH_2,SH_2_1_IM,SH_2_1_SH,SH_2_IM,SM1,SM2,SM_1,SM_1_2_IH,SM_1_2_SM,SM_1_IH,SM_2,SM_2_1_IH,SM_2_1_SM,SM_2_IH
0.00000000000,0.00000000000,0.00000000000,0.00000000000,0.00000000000,0.00000000000,0.00000000000,0.00000000000,0.00000000000,0.00000000000,0.00000000000,20.00000000000,20.00000000000,0.00000000000,0.00000000000,0.00000000000,0.00000000000,0.00000000000,0.00000000000,10.00000000000,10.00000000000,0.00000000000,0.00000000000,0.00000000000,0.00000000000,20.00000000000,20.00000000000,0.00000000000,0.00000000000,0.00000000000,0.00000000000,4000.00000000000,4000.00000000000,0.00000000000,0.00000000000,0.00000000000,0.00000000000,0.00000000000,0.00000000000,0.00000000000,0.00000000000,2000.00000000000,2000.00000000000,0.00000000000,0.00000000000,0.00000000000,0.00000000000,0.00000000000,0.00000000000,0.00000000000,0.00000000000
1.00000000000,1.50000000000,377.50000000000,0.50000000000,0.00000000000,2.50000000000,405.50000000000,67.00000000000,1941.50000000000,0.50000000000,0.00000000000,41.50000000000,3592.00000000000,0.00000000000,0.00000000000,3.50000000000,29.50000000000,1.50000000000,328.50000000000,0.00000000000,0.00000000000,0.00000000000,0.00000000000,0.00000000000,0.00000000000,71.50000000000,1939.00000000000,1.00000000000,0.00000000000,24.00000000000,0.50000000000,33.50000000000,3626.00000000000,0.00000000000,0.00000000000,0.00000000000,0.00000000000,33.50000000000,0.00000000000,3.00000000000,0.00000000000,0.00000000000,0.00000000000,0.00000000000,0.00000000000,0.00000000000,0.00000000000,0.00000000000,0.00000000000,0.00000000000,0.00000000000
2.00000000000,3.50000000000,74.50000000000,0.00000000000,0.00000000000,429.50000000000,2243.00000000000,0.00000000000,0.00000000000,0.50000000000,0.00000000000,407.00000000000,3232.50000000000,5.50000000000,0.00000000000,41.00000000000,29.50000000000,4.50000000000,295.00000000000,1975.00000000000,3589.50000000000,97.00000000000,0.00000000000,188.50000000000,0.00000000000,0.50000000000,0.00000000000,0.00000000000,0.00000000000,1.50000000000,0.00000000000,1.50000000000,39.50000000000,0.00000000000,1.50000000000,0.00000000000,0.00000000000,0.00000000000,14.00000000000,0.00000000000,25.50000000000,67.00000000000,36.50000000000,0.00000000000,56.00000000000,0.00000000000,11.00000000000,0.00000000000,5.00000000000,0.00000000000,31.50000000000
3.00000000000,429.50000000000,41.50000000000,0.00000000000,0.00000000000,2244.50000000000,293.50000000000,188.50000000000,3437.50000000000,0.50000000000,0.00000000000,104.00000000000,2943.00000000000,2.00000000000,0.00000000000,6.50000000000,26.50000000000,1.50000000000,278.50000000000,0.00000000000,0.00000000000,0.00000000000,0.00000000000,0.00000000000,0.00000000000,97.00000000000,1945.00000000000,2.50000000000,0.50000000000,15.00000000000,1.00000000000,9.00000000000,366.50000000000,0.00000000000,0.00000000000,0.00000000000,0.00000000000,4.00000000000,0.00000000000,1.50000000000,0.00000000000,0.00000000000,0.00000000000,0.00000000000,0.00000000000,0.00000000000,0.00000000000,0.00000000000,0.00000000000,0.00000000000,0.00000000000
4.00000000000,2247.00000000000,101.50000000000,0.00000000000,0.00000000000,308.50000000000,2208.00000000000,0.00000000000,0.00000000000,0.50000000000,0.00000000000,68.00000000000,2636.50000000000,1.50000000000,0.50000000000,47.50000000000,17.00000000000,1.00000000000,249.00000000000,3441.50000000000,361.00000000000,184.00000000000,0.00000000000,16.50000000000,0.00000000000,0.00000000000,0.00000000000,0.00000000000,0.00000000000,2.00000000000,0.00000000000,431.50000000000,97.00000000000,0.00000000000,37.00000000000,0.00000000000,394.50000000000,0.00000000000,88.00000000000,0.00000000000,9.00000000000,188.50000000000,10.50000000000,0.00000000000,161.00000000000,0.00000000000,27.50000000000,0.00000000000,0.50000000000,0.00000000000,10.00000000000
5.00000000000,308.50000000000,47.50000000000,0.00000000000,0.00000000000,2210.00000000000,247.00000000000,16.50000000000,355.00000000000,0.50000000000,0.00000000000,118.50000000000,2467.00000000000,0.50000000000,0.00000000000,12.50000000000,25.00000000000,0.50000000000,231.50000000000,0.00000000000,0.00000000000,0.00000000000,0.00000000000,0.00000000000,0.00000000000,184.00000000000,3446.00000000000,2.00000000000,0.00000000000,35.00000000000,0.00000000000,2248.50000000000,451.00000000000,25.00000000000,0.00000000000,0.50000000000,0.00000000000,6.00000000000,0.00000000000,0.50000000000,0.00000000000,0.00000000000,0.00000000000,0.00000000000,0.00000000000,0.00000000000,0.00000000000,0.00000000000,0.00000000000,0.00000000000,0.00000000000
6.00000000000,2212.00000000000,194.50000000000,0.00000000000,0.00000000000,282.00000000000,3642.50000000000,0.00000000000,0.00000000000,0.50000000000,0.00000000000,72.50000000000,2210.00000000000,2.50000000000,0.50000000000,35.50000000000,18.50000000000,0.50000000000,208.50000000000,361.00000000000,445.00000000000,22.00000000000,0.00000000000,140.00000000000,0.00000000000,0.00000000000,0.00000000000,0.00000000000,0.00000000000,2.00000000000,0.00000000000,309.00000000000,106.00000000000,0.00000000000,227.50000000000,0.00000000000,81.50000000000,0.00000000000,17.50000000000,0.00000000000,88.50000000000,41.50000000000,2223.50000000000,0.00000000000,35.00000000000,0.00000000000,6.50000000000,0.50000000000,182.00000000000,0.00000000000,2041.00000000000
7.00000000000,282.00000000000,35.50000000000,0.50000000000,0.00000000000,3644.50000000000,206.50000000000,140.00000000000,2528.00000000000,0.50000000000,0.00000000000,213.00000000000,2089.00000000000,2.50000000000,0.00000000000,20.00000000000,22.50000000000,0.00000000000,193.50000000000,0.00000000000,0.00000000000,0.00000000000,0.00000000000,0.00000000000,0.00000000000,22.00000000000,380.50000000000,1.00000000000,0.00000000000,5.00000000000,0.00000000000,2214.50000000000,343.50000000000,25.50000000000,0.00000000000,1.00000000000,0.00000000000,3.50000000000,0.00000000000,0.00000000000,0.00000000000,0.00000000000,0.00000000000,0.00000000000,0.00000000000,0.00000000000,0.00000000000,0.00000000000,0.00000000000,0.00000000000,0.00000000000
8.00000000000,3645.50000000000,41.00000000000,0.00000000000,0.00000000000,211.50000000000,569.00000000000,0.00000000000,0.00000000000,0.50000000000,0.00000000000,58.00000000000,1873.00000000000,4.50000000000,0.00000000000,31.50000000000,17.50000000000,1.00000000000,207.00000000000,2531.50000000000,341.00000000000,123.00000000000,0.00000000000,108.00000000000,0.00000000000,0.50000000000,0.00000000000,0.50000000000,0.00000000000,0.00000000000,0.50000000000,284.50000000000,190.50000000000,0.00000000000,67.50000000000,0.00000000000,217.00000000000,0.00000000000,129.50000000000,0.00000000000,61.00000000000,165.50000000000,2188.00000000000,0.00000000000,144.00000000000,0.00000000000,21.50000000000,0.00000000000,238.50000000000,0.00000000000,1949.50000000000
9.00000000000,212.00000000000,32.00000000000,0.00000000000,0.00000000000,569.00000000000,206.50000000000,108.00000000000,2421.00000000000,0.50000000000,0.00000000000,58.50000000000,1838.00000000000,0.50000000000,0.00000000000,8.00000000000,15.00000000000,0.50000000000,151.50000000000,0.00000000000,0.00000000000,0.00000000000,0.00000000000,0.00000000000,0.00000000000,123.00000000000,2574.00000000000,0.50000000000,0.00000000000,33.50000000000,0.50000000000,3650.00000000000,307.50000000000,39.00000000000,0.00000000000,1.00000000000,0.00000000000,2.00000000000,0.00000000000,0.00000000000,0.00000000000,0.00000000000,0.00000000000,0.00000000000,0.00000000000,0.00000000000,0.00000000000,0.00000000000,0.00000000000,0.00000000000,0.00000000000
10.00000000000,569.50000000000,131.00000000000,0.00000000000,0.00000000000,240.00000000000,2691.50000000000,0.00000000000,0.00000000000,0.50000000000,0.00000000000,47.00000000000,1671.00000000000,2.00000000000,0.00000000000,25.00000000000,18.00000000000,0.00000000000,168.50000000000,2423.00000000000,306.50000000000,144.50000000000,0.00000000000,179.00000000000,1.00000000000,0.00000000000,0.00000000000,0.00000000000,0.00000000000,0.50000000000,0.00000000000,212.50000000000,50.50000000000,0.00000000000,63.00000000000,0.00000000000,149.50000000000,0.00000000000,25.00000000000,0.00000000000,25.50000000000,147.00000000000,3610.00000000000,0.00000000000,133.00000000000,0.00000000000,14.00000000000,0.00000000000,363.00000000000,0.00000000000,3247.00000000000
11.00000000000,240.00000000000,25.00000000000,0.00000000000,0.00000000000,2692.00000000000,168.00000000000,179.00000000000,3736.50000000000,0.50000000000,0.00000000000,149.00000000000,1535.00000000000,1.50000000000,0.00000000000,13.50000000000,17.00000000000,1.50000000000,148.50000000000,0.00000000000,0.00000000000,0.00000000000,0.00000000000,0.00000000000,0.00000000000,144.50000000000,2426.50000000000,1.50000000000,0.00000000000,20.50000000000,1.00000000000,571.50000000000,232.50000000000,5.50000000000,0.00000000000,0.00000000000,0.00000000000,1.00000000000,0.00000000000,0.00000000000,0.00000000000,0.00000000000,0.00000000000,0.00000000000,0.00000000000,0.00000000000,0.00000000000,0.00000000000,0.00000000000,0.00000000000,0.00000000000
12.00000000000,2693.50000000000,157.50000000000,0.00000000000,0.00000000000,188.50000000000,2553.50000000000,0.00000000000,0.00000000000,0.50000000000,0.00000000000,42.00000000000,1368.00000000000,3.00000000000,0.00000000000,25.50000000000,18.00000000000,0.50000000000,124.50000000000,3737.50000000000,231.50000000000,200.00000000000,0.50000000000,33.50000000000,0.00000000000,0.00000000000,0.00000000000,0.00000000000,0.00000000000,0.50000000000,0.00000000000,241.50000000000,135.50000000000,0.00000000000,20.00000000000,0.00000000000,221.50000000000,0.00000000000,120.50000000000,0.00000000000,15.00000000000,184.50000000000,566.00000000000,0.00000000000,160.00000000000,0.00000000000,24.50000000000,0.50000000000,63.50000000000,0.00000000000,502.00000000000
13.00000000000,188.50000000000,25.50000000000,0.50000000000,0.00000000000,2554.00000000000,124.00000000000,33.50000000000,764.00000000000,0.50000000000,0.00000000000,175.50000000000,1360.50000000000,1.50000000000,0.00000000000,17.00000000000,13.50000000000,0.50000000000,129.50000000000,0.00000000000,0.00000000000,0.00000000000,0.00000000000,0.00000000000,0.00000000000,200.00000000000,3721.50000000000,2.00000000000,0.00000000000,42.50000000000,1.50000000000,2696.50000000000,255.50000000000,26.00000000000,0.00000000000,0.50000000000,0.00000000000,1.00000000000,0.00000000000,0.00000000000,0.00000000000,0.00000000000,0.00000000000,0.00000000000,0.00000000000,0.00000000000,0.00000000000,0.00000000000,0.00000000000,0.00000000000,0.00000000000
14.00000000000,2556.00000000000,216.50000000000,0.00000000000,0.00000000000,166.50000000000,3807.00000000000,0.00000000000,0.00000000000,0.50000000000,0.00000000000,39.00000000000,1217.00000000000,1.00000000000,0.00000000000,24.50000000000,14.00000000000,1.00000000000,142.50000000000,765.00000000000,255.00000000000,37.00000000000,0.00000000000,144.50000000000,0.00000000000,0.50000000000,0.00000000000,0.50000000000,0.00000000000,0.00000000000,0.00000000000,190.00000000000,157.50000000000,0.00000000000,108.50000000000,0.00000000000,81.50000000000,0.00000000000,34.00000000000,0.00000000000,123.50000000000,59.50000000000,2670.00000000000,0.00000000000,55.50000000000,0.00000000000,4.00000000000,0.50000000000,234.50000000000,0.00000000000,2435.00000000000
15.00000000000,167.00000000000,24.50000000000,0.50000000000,0.00000000000,3807.00000000000,142.50000000000,144.50000000000,2780.00000000000,0.50000000000,0.00000000000,230.50000000000,1217.00000000000,0.50000000000,0.00000000000,22.00000000000,12.00000000000,0.50000000000,113.00000000000,0.00000000000,0.00000000000,0.00000000000,0.00000000000,0.00000000000,0.00000000000,37.00000000000,787.50000000000,0.00000000000,0.00000000000,8.50000000000,0.00000000000,2557.00000000000,204.50000000000,25.50000000000,0.00000000000,0.00000000000,0.00000000000,1.00000000000,0.00000000000,0.00000000000,0.00000000000,0.00000000000,0.00000000000,0.00000000000,0.00000000000,0.00000000000,0.00000000000,0.00000000000,0.00000000000,0.00000000000,0.00000000000
16.00000000000,3807.00000000000,59.00000000000,0.00000000000,0.00000000000,151.00000000000,892.00000000000,0.00000000000,0.00000000000,0.50000000000,0.00000000000,36.50000000000,1091.50000000000,2.00000000000,0.50000000000,26.00000000000,13.50000000000,0.50000000000,131.00000000000,2781.00000000000,203.50000000000,145.50000000000,0.00000000000,141.00000000000,0.50000000000,0.50000000000,0.00000000000,0.00000000000,0.00000000000,0.00000000000,0.00000000000,167.50000000000,208.50000000000,0.00000000000,30.50000000000,0.00000000000,137.00000000000,0.00000000000,133.00000000000,0.00000000000,75.50000000000,170.00000000000,2531.50000000000,0.00000000000,146.50000000000,0.00000000000,23.50000000000,1.50000000000,271.00000000000,0.00000000000,2259.00000000000
17.00000000000,151.00000000000,26.50000000000,1.50000000000,0.00000000000,892.00000000000,131.00000000000,141.00000000000,2592.00000000000,0.50000000000,0.00000000000,72.50000000000,1155.50000000000,0.50000000000,0.00000000000,4.00000000000,11.50000000000,0.00000000000,103.00000000000,0.00000000000,0.00000000000,0.00000000000,0.00000000000,0.00000000000,0.00000000000,145.50000000000,2806.00000000000,1.50000000000,0.00000000000,29.00000000000,0.00000000000,3809.00000000000,176.00000000000,40.50000000000,0.00000000000,2.50000000000,0.00000000000,0.50000000000,0.00000000000,0.50000000000,0.00000000000,0.00000000000,0.00000000000,0.00000000000,0.00000000000,0.00000000000,0.00000000000,0.00000000000,0.00000000000,0.00000000000,0.00000000000
18.00000000000,893.50000000000,148.00000000000,0.00000000000,0.00000000000,160.00000000000,2880.00000000000,0.00000000000,0.00000000000,0.50000000000,0.00000000000,38.00000000000,1041.00000000000,2.50000000000,0.00000000000,15.00000000000,10.50000000000,0.50000000000,117.50000000000,2592.50000000000,177.50000000000,133.00000000000,0.50000000000,186.00000000000,0.50000000000,1.50000000000,0.00000000000,0.50000000000,0.00000000000,0.50000000000,0.00000000000,151.50000000000,68.00000000000,0.00000000000,35.00000000000,0.00000000000,116.50000000000,0.00000000000,44.00000000000,0.00000000000,24.00000000000,181.50000000000,3766.50000000000,0.00000000000,158.00000000000,0.00000000000,23.50000000000,1.00000000000,462.50000000000,0.00000000000,3303.00000000000
19.00000000000,160.50000000000,16.00000000000,1.00000000000,0.00000000000,2880.50000000000,117.00000000000,186.00000000000,3757.00000000000,0.50000000000,0.00000000000,158.50000000000,980.50000000000,1.50000000000,0.00000000000,12.00000000000,9.00000000000,0.00000000000,78.00000000000,0.00000000000,0.00000000000,0.00000000000,0.00000000000,0.00000000000,0.00000000000,133.00000000000,2641.00000000000,0.50000000000,0.00000000000,27.50000000000,0.50000000000,896.00000000000,172.50000000000,8.00000000000,0.00000000000,0.50000000000,0.00000000000,1.00000000000,0.00000000000,0.50000000000,0.00000000000,0.00000000000,0.00000000000,0.00000000000,0.00000000000,0.00000000000,0.00000000000,0.00000000000,0.00000000000,0.00000000000,0.00000000000
20.00000000000,2881.00000000000,145.00000000000,0.00000000000,0.00000000000,144.50000000000,2691.00000000000,0.00000000000,0.00000000000,0.50000000000,0.00000000000,25.00000000000,893.50000000000,0.50000000000,0.00000000000,19.50000000000,12.00000000000,1.50000000000,95.00000000000,3758.00000000000,171.50000000000,194.50000000000,1.00000000000,49.00000000000,0.00000000000,1.00000000000,0.00000000000,0.00000000000,0.00000000000,0.50000000000,0.00000000000,162.00000000000,145.00000000000,0.00000000000,12.00000000000,0.00000000000,150.00000000000,0.00000000000,125.00000000000,0.00000000000,20.00000000000,194.00000000000,888.00000000000,0.00000000000,173.00000000000,0.00000000000,21.00000000000,0.00000000000,121.00000000000,0.00000000000,767.00000000000
21.00000000000,144.50000000000,20.50000000000,0.00000000000,0.00000000000,2691.50000000000,94.50000000000,49.00000000000,1011.50000000000,0.50000000000,0.00000000000,157.00000000000,930.00000000000,0.00000000000,0.00000000000,13.00000000000,7.00000000000,0.00000000000,81.00000000000,0.00000000000,0.00000000000,0.00000000000,0.00000000000,0.00000000000,0.00000000000,194.50000000000,3756.50000000000,1.50000000000,0.00000000000,38.00000000000,2.00000000000,2881.50000000000,168.50000000000,25.50000000000,0.00000000000,0.00000000000,0.00000000000,2.00000000000,0.00000000000,0.00000000000,0.00000000000,0.00000000000,0.00000000000,0.00000000000,0.00000000000,0.00000000000,0.00000000000,0.00000000000,0.00000000000,0.00000000000,0.00000000000
22.00000000000,2693.00000000000,208.00000000000,0.00000000000,0.00000000000,132.50000000000,3797.50000000000,0.00000000000,0.00000000000,0.50000000000,0.00000000000,27.50000000000,842.00000000000,0.00000000000,0.00000000000,13.00000000000,7.50000000000,1.00000000000,91.50000000000,1013.50000000000,166.50000000000,55.00000000000,0.00000000000,149.50000000000,1.00000000000,0.00000000000,0.00000000000,0.00000000000,0.00000000000,0.00000000000,0.00000000000,144.50000000000,144.00000000000,0.50000000000,53.00000000000,0.00000000000,91.00000000000,0.00000000000,72.50000000000,0.00000000000,71.50000000000,74.50000000000,2856.00000000000,0.00000000000,63.50000000000,0.00000000000,11.00000000000,0.00000000000,310.50000000000,0.00000000000,2545.50000000000
23.00000000000,132.50000000000,13.00000000000,0.00000000000,0.00000000000,3797.50000000000,91.50000000000,149.50000000000,2872.00000000000,0.50000000000,0.00000000000,215.50000000000,886.00000000000,2.50000000000,0.00000000000,30.00000000000,8.00000000000,0.00000000000,90.50000000000,0.00000000000,0.00000000000,0.00000000000,0.00000000000,0.00000000000,0.00000000000,55.00000000000,1034.00000000000,1.00000000000,0.00000000000,8.50000000000,0.50000000000,2693.00000000000,159.50000000000,28.00000000000,0.00000000000,0.50000000000,198.00000000000,1.00000000000,4.50000000000,0.00000000000,0.00000000000,0.50000000000,0.00000000000,0.00000000000,0.50000000000,0.00000000000,0.00000000000,0.00000000000,0.00000000000,0.00000000000,0.00000000000
24.00000000000,3798.50000000000,84.50000000000,0.00000000000,0.00000000000,100.00000000000,1115.50000000000,0.00000000000,0.00000000000,0.50000000000,0.00000000000,21.00000000000,792.00000000000,0.50000000000,0.00000000000,16.00000000000,10.50000000000,0.50000000000,108.50000000000,2873.00000000000,154.50000000000,140.50000000000,0.50000000000,120.00000000000,0.50000000000,0.00000000000,0.50000000000,0.00000000000,0.00000000000,0.00000000000,0.00000000000,135.00000000000,381.00000000000,0.00000000000,19.50000000000,0.00000000000,115.50000000000,0.00000000000,295.50000000000,0.00000000000,85.50000000000,177.50000000000,2466.50000000000,0.00000000000,157.00000000000,0.00000000000,20.50000000000,3.00000000000,273.50000000000,0.00000000000,2190.00000000000
25.00000000000,100.00000000000,16.00000000000,3.00000000000,0.00000000000,1115.50000000000,109.00000000000,120.00000000000,2498.00000000000,0.50000000000,0.00000000000,95.00000000000,1053.50000000000,1.00000000000,0.00000000000,9.00000000000,10.00000000000,0.00000000000,104.00000000000,0.00000000000,0.00000000000,0.00000000000,0.00000000000,0.00000000000,0.00000000000,140.50000000000,2910.00000000000,2.00000000000,0.50000000000,29.50000000000,0.50000000000,3799.00000000000,140.00000000000,33.50000000000,0.00000000000,1.00000000000,0.00000000000,1.50000000000,0.00000000000,0.00000000000,0.00000000000,0.00000000000,0.00000000000,0.00000000000,0.00000000000,0.00000000000,0.00000000000,0.00000000000,0.00000000000,0.00000000000,0.00000000000
26.00000000000,1117.50000000000,147.50000000000,0.00000000000,0.00000000000,138.50000000000,2984.50000000000,0.00000000000,0.00000000000,0.50000000000,0.00000000000,26.00000000000,939.50000000000,0.50000000000,0.00000000000,8.50000000000,10.50000000000,0.50000000000,105.50000000000,2499.50000000000,139.50000000000,129.50000000000,0.00000000000,200.00000000000,0.50000000000,3.00000000000,0.00000000000,0.00000000000,0.00000000000,0.00000000000,0.00000000000,101.00000000000,85.00000000000,0.00000000000,28.50000000000,0.00000000000,72.50000000000,0.00000000000,49.50000000000,0.00000000000,35.50000000000,153.50000000000,3764.50000000000,0.00000000000,142.50000000000,0.00000000000,11.00000000000,2.00000000000,331.50000000000,0.00000000000,3431.00000000000
27.00000000000,138.50000000000,11.50000000000,2.00000000000,0.00000000000,2984.50000000000,105.50000000000,200.00000000000,3701.50000000000,0.50000000000,0.00000000000,158.00000000000,908.00000000000,2.50000000000,0.00000000000,16.00000000000,14.00000000000,0.00000000000,90.50000000000,0.00000000000,0.00000000000,0.00000000000,0.00000000000,0.00000000000,0.00000000000,129.50000000000,2524.00000000000,1.50000000000,0.00000000000,26.00000000000,0.50000000000,1118.00000000000,118.50000000000,12.00000000000,0.00000000000,0.50000000000,0.00000000000,1.00000000000,0.00000000000,0.00000000000,0.00000000000,0.00000000000,0.00000000000,0.00000000000,0.00000000000,0.00000000000,0.00000000000,0.00000000000,0.00000000000,0.00000000000,0.00000000000
28.00000000000,2986.00000000000,144.50000000000,0.00000000000,0.00000000000,131.50000000000,2588.00000000000,0.00000000000,0.00000000000,0.50000000000,0.00000000000,25.50000000000,803.50000000000,3.00000000000,0.00000000000,13.50000000000,8.00000000000,0.50000000000,86.00000000000,3702.50000000000,118.00000000000,192.50000000000,0.00000000000,50.50000000000,0.00000000000,2.00000000000,0.00000000000,0.00000000000,0.00000000000,0.00000000000,0.00000000000,141.00000000000,139.50000000000,0.00000000000,15.00000000000,0.00000000000,126.00000000000,0.00000000000,116.00000000000,0.00000000000,23.50000000000,212.00000000000,1105.50000000000,0.00000000000,184.00000000000,0.00000000000,28.00000000000,0.00000000000,129.00000000000,0.00000000000,976.50000000000
29.00000000000,131.50000000000,15.50000000000,0.00000000000,0.00000000000,2588.00000000000,86.00000000000,50.50000000000,1173.00000000000,0.50000000000,0.00000000000,152.50000000000,848.50000000000,1.50000000000,0.00000000000,11.50000000000,9.00000000000,0.00000000000,72.00000000000,0.00000000000,0.00000000000,0.00000000000,0.00000000000,0.00000000000,0.00000000000,192.50000000000,3722.00000000000,2.50000000000,0.00000000000,40.00000000000,1.50000000000,2989.00000000000,150.50000000000,28.00000000000,0.00000000000,0.50000000000,0.00000000000,4.50000000000,0.00000000000,0.00000000000,0.00000000000,0.00000000000,0.00000000000,0.00000000000,0.00000000000,0.00000000000,0.00000000000,0.00000000000,0.00000000000,0.00000000000,0.00000000000
30.00000000000,2590.50000000000,203.00000000000,0.00000000000,0.00000000000,126.00000000000,3752.50000000000,0.00000000000,0.00000000000,0.50000000000,0.00000000000,24.50000000000,767.50000000000,1.50000000000,0.00000000000,16.50000000000,8.00000000000,0.50000000000,90.50000000000,1177.50000000000,146.50000000000,57.50000000000,0.00000000000,159.50000000000,0.50000000000,0.00000000000,0.00000000000,0.00000000000,0.00000000000,1.00000000000,0.00000000000,133.00000000000,139.50000000000,0.00000000000,53.00000000000,0.00000000000,80.00000000000,0.00000000000,41.00000000000,0.00000000000,98.50000000000,78.50000000000,2960.50000000000,0.00000000000,73.50000000000,0.00000000000,5.00000000000,2.50000000000,307.00000000000,0.00000000000,2651.00000000000
31.00000000000,126.00000000000,16.50000000000,2.50000000000,0.00000000000,3753.50000000000,89.50000000000,159.50000000000,2944.50000000000,0.50000000000,0.00000000000,211.00000000000,808.00000000000,2.00000000000,0.00000000000,21.50000000000,5.50000000000,0.50000000000,88.50000000000,0.00000000000,0.00000000000,0.00000000000,0.00000000000,0.00000000000,0.00000000000,57.50000000000,1199.00000000000,1.50000000000,0.00000000000,6.50000000000,1.00000000000,2592.00000000000,140.00000000000,23.00000000000,0.00000000000,0.50000000000,0.00000000000,2.00000000000,0.00000000000,0.00000000000,0.00000000000,0.00000000000,0.00000000000,0.00000000000,0.00000000000,0.00000000000,0.00000000000,0.00000000000,0.00000000000,0.00000000000,0.00000000000
32.00000000000,3755.00000000000,78.50000000000,0.00000000000,0.00000000000,96.00000000000,1280.00000000000,0.00000000000,0.00000000000,0.50000000000,0.00000000000,22.00000000000,713.50000000000,1.00000000000,0.00000000000,15.50000000000,6.00000000000,0.50000000000,93.50000000000,2946.50000000000,138.50000000000,146.50000000000,0.50000000000,129.00000000000,0.50000000000,2.50000000000,0.00000000000,0.50000000000,0.00000000000,0.50000000000,0.00000000000,128.00000000000,188.00000000000,0.00000000000,29.50000000000,0.00000000000,98.50000000000,0.00000000000,120.00000000000,0.00000000000,68.00000000000,182.50000000000,2568.50000000000,0.00000000000,161.00000000000,0.00000000000,21.50000000000,1.50000000000,267.50000000000,0.00000000000,2299.50000000000
33.00000000000,96.50000000000,17.50000000000,1.50000000000,0.00000000000,1280.50000000000,93.00000000000,129.00000000000,2576.50000000000,0.50000000000,0.00000000000,84.50000000000,801.50000000000,0.00000000000,0.00000000000,9.00000000000,9.00000000000,0.50000000000,71.00000000000,0.00000000000,0.00000000000,0.00000000000,0.00000000000,0.00000000000,0.00000000000,146.50000000000,2982.50000000000,0.50000000000,0.00000000000,28.50000000000,0.00000000000,3756.00000000000,134.00000000000,36.00000000000,0.00000000000,1.50000000000,0.00000000000,1.00000000000,0.00000000000,0.00000000000,0.00000000000,0.00000000000,0.00000000000,0.00000000000,0.00000000000,0.00000000000,0.00000000000,0.00000000000,0.00000000000,0.00000000000,0.00000000000
34.00000000000,1281.00000000000,155.00000000000,0.00000000000,0.00000000000,121.50000000000,3025.00000000000,0.00000000000,0.00000000000,0.50000000000,0.00000000000,26.50000000000,721.00000000000,1.00000000000,0.00000000000,12.00000000000,10.00000000000,0.00000000000,79.50000000000,2577.50000000000,134.50000000000,138.00000000000,0.00000000000,183.00000000000,0.00000000000,1.50000000000,0.00000000000,0.00000000000,0.00000000000,0.50000000000,0.00000000000,96.50000000000,76.00000000000,0.00000000000,36.50000000000,0.00000000000,60.00000000000,0.00000000000,41.50000000000,0.00000000000,34.50000000000,165.00000000000,3718.50000000000,0.00000000000,148.00000000000,0.00000000000,17.00000000000,2.00000000000,347.00000000000,0.00000000000,3369.50000000000
35.00000000000,121.50000000000,13.50000000000,2.00000000000,0.00000000000,3025.50000000000,79.00000000000,183.00000000000,3668.00000000000,0.50000000000,0.00000000000,165.00000000000,707.50000000000,0.50000000000,0.00000000000,14.50000000000,5.50000000000,0.50000000000,64.50000000000,0.00000000000,0.00000000000,0.00000000000,0.00000000000,0.00000000000,0.00000000000,138.00000000000,2604.50000000000,1.00000000000,0.00000000000,20.00000000000,2.50000000000,1282.00000000000,110.00000000000,14.50000000000,0.00000000000,0.00000000000,0.00000000000,0.00000000000,0.00000000000,0.00000000000,0.00000000000,0.00000000000,0.00000000000,0.00000000000,0.00000000000,0.00000000000,0.00000000000,0.00000000000,0.00000000000,0.00000000000,0.00000000000
36.00000000000,3026.50000000000,154.00000000000,0.00000000000,0.00000000000,99.00000000000,2646.50000000000,0.00000000000,0.00000000000,0.50000000000,0.00000000000,19.00000000000,637.00000000000,0.00000000000,0.50000000000,19.50000000000,2.50000000000,0.00000000000,68.50000000000,3668.00000000000,110.00000000000,202.00000000000,0.50000000000,64.00000000000,0.00000000000,2.00000000000,0.00000000000,0.00000000000,0.00000000000,0.00000000000,0.00000000000,122.00000000000,150.50000000000,0.00000000000,15.00000000000,0.00000000000,107.00000000000,0.00000000000,112.00000000000,0.00000000000,38.50000000000,197.50000000000,1267.50000000000,0.00000000000,177.50000000000,0.00000000000,20.00000000000,0.50000000000,123.50000000000,0.00000000000,1143.50000000000
37.00000000000,99.00000000000,21.50000000000,0.50000000000,0.00000000000,2646.50000000000,68.50000000000,64.00000000000,1313.50000000000,0.50000000000,0.00000000000,156.50000000000,717.00000000000,1.50000000000,0.00000000000,14.00000000000,8.50000000000,0.00000000000,64.50000000000,0.00000000000,0.00000000000,0.00000000000,0.00000000000,0.00000000000,0.00000000000,202.00000000000,3663.00000000000,2.50000000000,0.00000000000,33.50000000000,2.00000000000,3026.50000000000,121.00000000000,32.50000000000,0.00000000000,0.50000000000,0.00000000000,1.50000000000,0.00000000000,0.50000000000,0.00000000000,0.00000000000,0.00000000000,0.00000000000,0.00000000000,0.00000000000,0.00000000000,0.00000000000,0.00000000000,0.00000000000,0.00000000000
38.00000000000,2649.00000000000,215.50000000000,0.00000000000,0.00000000000,102.00000000000,3692.00000000000,0.00000000000,0.00000000000,0.50000000000,0.00000000000,30.00000000000,644.00000000000,1.00000000000,0.00000000000,13.50000000000,8.00000000000,0.00000000000,82.50000000000,1315.00000000000,119.50000000000,71.00000000000,0.00000000000,137.00000000000,0.50000000000,0.50000000000,0.00000000000,0.00000000000,0.00000000000,1.50000000000,0.00000000000,100.50000000000,141.00000000000,0.00000000000,36.00000000000,0.00000000000,64.50000000000,0.00000000000,45.00000000000,0.00000000000,96.00000000000,96.50000000000,2994.00000000000,0.50000000000,86.50000000000,0.00000000000,9.50000000000,4.00000000000,308.50000000000,0.00000000000,2681.50000000000
39.00000000000,102.00000000000,14.00000000000,4.00000000000,0.00000000000,3693.50000000000,81.00000000000,137.00000000000,2972.00000000000,1.00000000000,0.00000000000,223.50000000000,694.50000000000,2.00000000000,0.00000000000,19.50000000000,4.50000000000,0.50000000000,68.50000000000,0.00000000000,0.00000000000,0.00000000000,0.00000000000,0.00000000000,0.00000000000,71.00000000000,1340.50000000000,0.50000000000,0.00000000000,16.50000000000,0.00000000000,2650.00000000000,116.00000000000,30.00000000000,0.00000000000,0.50000000000,0.00000000000,1.50000000000,0.00000000000,0.00000000000,0.00000000000,0.00000000000,0.00000000000,0.00000000000,0.00000000000,0.00000000000,0.00000000000,0.00000000000,0.00000000000,0.00000000000,0.00000000000
40.00000000000,3694.00000000000,90.00000000000,0.00000000000,0.00000000000,97.50000000000,1392.50000000000,0.00000000000,0.00000000000,1.00000000000,0.00000000000,18.50000000000,621.00000000000,0.50000000000,0.00000000000,7.00000000000,7.00000000000,0.50000000000,82.00000000000,2973.50000000000,115.00000000000,151.50000000000,1.00000000000,137.50000000000,1.50000000000,4.00000000000,0.00000000000,0.50000000000,0.00000000000,0.50000000000,0.00000000000,104.00000000000,202.50000000000,0.00000000000,15.50000000000,0.00000000000,88.50000000000,0.00000000000,104.00000000000,0.00000000000,98.50000000000,167.00000000000,2619.50000000000,0.00000000000,152.50000000000,0.00000000000,14.50000000000,2.00000000000,288.50000000000,0.00000000000,2329.00000000000
41.00000000000,98.00000000000,10.50000000000,2.00000000000,0.00000000000,1393.00000000000,81.50000000000,137.50000000000,2594.50000000000,1.00000000000,0.00000000000,97.00000000000,734.00000000000,1.00000000000,0.00000000000,10.00000000000,8.00000000000,0.00000000000,78.00000000000,0.00000000000,0.00000000000,0.00000000000,0.00000000000,0.00000000000,0.00000000000,151.50000000000,2989.50000000000,1.50000000000,0.00000000000,29.00000000000,1.00000000000,3694.50000000000,115.50000000000,37.00000000000,0.00000000000,1.00000000000,0.00000000000,0.50000000000,0.00000000000,0.00000000000,0.00000000000,0.00000000000,0.00000000000,0.00000000000,0.00000000000,0.00000000000,0.00000000000,0.00000000000,0.00000000000,0.00000000000,0.00000000000
42.00000000000,1394.50000000000,161.00000000000,0.00000000000,0.00000000000,110.50000000000,3037.50000000000,0.00000000000,0.00000000000,1.00000000000,0.00000000000,18.50000000000,648.00000000000,1.00000000000,0.00000000000,13.50000000000,9.00000000000,0.00000000000,64.00000000000,2595.00000000000,116.00000000000,135.50000000000,1.50000000000,183.50000000000,3.00000000000,2.00000000000,0.00000000000,0.50000000000,0.00000000000,0.00000000000,0.00000000000,99.00000000000,86.00000000000,0.00000000000,17.00000000000,0.00000000000,82.00000000000,0.00000000000,40.00000000000,0.00000000000,46.00000000000,174.50000000000,3656.50000000000,0.00000000000,158.50000000000,0.00000000000,16.00000000000,4.50000000000,390.00000000000,0.00000000000,3262.00000000000
43.00000000000,111.00000000000,15.00000000000,4.50000000000,0.00000000000,3037.50000000000,64.00000000000,183.50000000000,3583.00000000000,1.00000000000,0.00000000000,170.00000000000,661.00000000000,1.50000000000,0.00000000000,19.00000000000,5.50000000000,0.00000000000,69.50000000000,0.00000000000,0.00000000000,0.00000000000,0.00000000000,0.00000000000,0.00000000000,135.50000000000,2635.50000000000,2.00000000000,0.50000000000,24.00000000000,2.00000000000,1395.50000000000,103.00000000000,18.50000000000,0.00000000000,0.50000000000,0.00000000000,1.00000000000,0.00000000000,0.00000000000,0.00000000000,0.00000000000,0.00000000000,0.00000000000,0.00000000000,0.00000000000,0.00000000000,0.00000000000,0.00000000000,0.00000000000,0.00000000000
44.00000000000,3039.50000000000,154.00000000000,0.00000000000,0.00000000000,88.00000000000,2679.50000000000,0.00000000000,0.00000000000,1.00000000000,0.00000000000,20.50000000000,586.00000000000,1.50000000000,0.00000000000,10.00000000000,6.50000000000,1.00000000000,68.50000000000,3584.00000000000,102.50000000000,195.50000000000,2.00000000000,69.00000000000,1.50000000000,4.50000000000,0.00000000000,0.00000000000,0.00000000000,0.00000000000,0.00000000000,112.50000000000,149.50000000000,0.00000000000,7.50000000000,0.00000000000,105.00000000000,0.00000000000,105.50000000000,0.00000000000,44.00000000000,202.00000000000,1376.50000000000,0.00000000000,176.00000000000,0.00000000000,26.00000000000,1.50000000000,189.00000000000,0.00000000000,1186.00000000000
45.00000000000,88.00000000000,14.50000000000,1.50000000000,0.00000000000,2679.50000000000,68.50000000000,69.00000000000,1409.00000000000,1.00000000000,0.00000000000,160.50000000000,659.50000000000,1.00000000000,0.00000000000,17.50000000000,6.00000000000,0.50000000000,61.00000000000,0.00000000000,0.00000000000,0.00000000000,0.00000000000,0.00000000000,0.00000000000,195.50000000000,3590.00000000000,0.50000000000,0.50000000000,39.00000000000,1.00000000000,3041.00000000000,122.50000000000,32.00000000000,0.00000000000,0.00000000000,0.00000000000,0.00000000000,0.00000000000,0.00000000000,0.00000000000,0.00000000000,0.00000000000,0.00000000000,0.00000000000,0.00000000000,0.00000000000,0.00000000000,0.00000000000,0.00000000000,0.00000000000
46.00000000000,2680.00000000000,213.00000000000,0.00000000000,0.00000000000,107.50000000000,3611.50000000000,0.00000000000,0.00000000000,1.00000000000,0.00000000000,20.50000000000,592.00000000000,1.50000000000,0.00000000000,9.50000000000,9.00000000000,0.00000000000,59.00000000000,1409.00000000000,122.50000000000,67.00000000000,0.50000000000,144.00000000000,1.00000000000,1.50000000000,0.00000000000,0.00000000000,0.00000000000,0.00000000000,0.00000000000,89.00000000000,142.50000000000,0.00000000000,33.00000000000,0.00000000000,56.00000000000,0.00000000000,46.50000000000,0.00000000000,96.00000000000,101.00000000000,3009.00000000000,0.00000000000,93.00000000000,0.00000000000,8.00000000000,1.50000000000,296.50000000000,0.00000000000,2711.00000000000
47.00000000000,107.50000000000,11.00000000000,1.50000000000,0.00000000000,3611.50000000000,59.00000000000,144.00000000000,2985.50000000000,1.00000000000,0.00000000000,222.00000000000,666.50000000000,2.00000000000,0.00000000000,22.00000000000,9.50000000000,0.50000000000,62.00000000000,0.00000000000,0.00000000000,0.00000000000,0.00000000000,0.00000000000,0.00000000000,67.00000000000,1443.50000000000,0.00000000000,0.00000000000,16.50000000000,1.00000000000,2681.50000000000,98.50000000000,22.00000000000,0.00000000000,0.50000000000,0.00000000000,1.00000000000,0.00000000000,0.00000000000,0.00000000000,0.00000000000,0.00000000000,0.00000000000,0.00000000000,0.00000000000,0.00000000000,0.00000000000,0.00000000000,0.00000000000,0.00000000000
48.00000000000,3611.50000000000,90.00000000000,0.00000000000,0.00000000000,75.50000000000,1488.00000000000,0.00000000000,0.00000000000,1.00000000000,0.00000000000,20.50000000000,594.50000000000,3.00000000000,0.00000000000,11.50000000000,7.00000000000,0.00000000000,69.50000000000,2986.50000000000,98.00000000000,159.50000000000,0.00000000000,140.50000000000,0.00000000000,1.50000000000,0.00000000000,0.00000000000,0.00000000000,1.00000000000,0.00000000000,109.50000000000,198.50000000000,0.00000000000,15.50000000000,0.00000000000,94.00000000000,0.00000000000,139.50000000000,0.00000000000,59.00000000000,166.00000000000,2659.00000000000,0.00000000000,143.50000000000,0.00000000000,22.50000000000,0.50000000000,326.00000000000,0.00000000000,2332.50000000000
49.00000000000,75.50000000000,13.00000000000,0.50000000000,0.00000000000,1489.00000000000,68.50000000000,140.50000000000,2616.00000000000,1.00000000000,0.00000000000,97.00000000000,716.50000000000,0.50000000000,0.00000000000,4.50000000000,10.00000000000,0.00000000000,76.50000000000,0.00000000000,0.00000000000,0.00000000000,0.00000000000,0.00000000000,0.00000000000,159.50000000000,2993.00000000000,2.50000000000,0.00000000000,26.00000000000,1.50000000000,3614.50000000000,115.50000000000,35.50000000000,0.00000000000,1.50000000000,0.00000000000,0.50000000000,0.00000000000,0.00000000000,0.00000000000,0.00000000000,0.00000000000,0.00000000000,0.00000000000,0.00000000000,0.00000000000,0.00000000000,0.00000000000,0.00000000000,0.00000000000
50.00000000000,1491.50000000000,163.00000000000,0.00000000000,0.00000000000,94.50000000000,3042.00000000000,0.00000000000,0.00000000000,1.00000000000,0.00000000000,23.00000000000,630.00000000000,1.00000000000,0.50000000000,9.00000000000,6.00000000000,1.00000000000,71.50000000000,2616.50000000000,116.50000000000,149.00000000000,0.00000000000,174.50000000000,1.50000000000,0.50000000000,0.00000000000,0.50000000000,0.00000000000,0.00000000000,0.00000000000,76.00000000000,92.00000000000,0.00000000000,13.00000000000,0.00000000000,63.00000000000,0.00000000000,58.50000000000,0.00000000000,33.50000000000,176.00000000000,3577.50000000000,0.00000000000,157.00000000000,0.00000000000,19.00000000000,1.50000000000,401.00000000000,0.00000000000,3175.00000000000
51.00000000000,95.00000000000,9.00000000000,1.50000000000,0.00000000000,3042.00000000000,71.50000000000,174.50000000000,3516.50000000000,1.00000000000,0.00000000000,169.00000000000,644.00000000000,1.00000000000,0.00000000000,18.50000000000,6.00000000000,0.00000000000,63.50000000000,0.00000000000,0.00000000000,0.00000000000,0.00000000000,0.00000000000,0.00000000000,149.00000000000,2645.00000000000,2.50000000000,0.00000000000,25.50000000000,1.00000000000,1492.50000000000,89.50000000000,9.50000000000,0.00000000000,0.00000000000,0.00000000000,2.50000000000,0.00000000000,0.00000000000,0.00000000000,0.00000000000,0.00000000000,0.00000000000,0.00000000000,0.00000000000,0.00000000000,0.00000000000,0.00000000000,0.00000000000,0.00000000000
52.00000000000,3044.50000000000,166.00000000000,0.00000000000,0.00000000000,97.00000000000,2682.00000000000,0.00000000000,0.00000000000,1.00000000000,0.00000000000,15.00000000000,574.50000000000,0.50000000000,0.00000000000,12.00000000000,6.50000000000,0.50000000000,68.50000000000,3519.00000000000,87.00000000000,171.50000000000,0.00000000000,81.00000000000,0.50000000000,1.50000000000,0.00000000000,0.00000000000,0.00000000000,0.50000000000,0.00000000000,96.00000000000,149.50000000000,0.00000000000,9.00000000000,0.00000000000,87.00000000000,0.00000000000,131.50000000000,0.00000000000,18.00000000000,184.00000000000,1483.00000000000,0.00000000000,158.00000000000,0.00000000000,26.00000000000,0.50000000000,176.50000000000,0.00000000000,1306.00000000000
53.00000000000,97.00000000000,13.50000000000,0.50000000000,0.00000000000,2682.50000000000,68.00000000000,81.00000000000,1488.00000000000,1.00000000000,0.00000000000,172.50000000000,648.50000000000,1.50000000000,0.00000000000,21.00000000000,5.50000000000,0.00000000000,78.50000000000,0.00000000000,0.00000000000,0.00000000000,0.00000000000,0.00000000000,0.00000000000,171.50000000000,3532.00000000000,1.50000000000,0.00000000000,33.00000000000,2.00000000000,3045.00000000000,99.00000000000,33.00000000000,0.00000000000,1.00000000000,0.00000000000,0.50000000000,0.00000000000,0.00000000000,0.00000000000,0.00000000000,0.00000000000,0.00000000000,0.00000000000,0.00000000000,0.00000000000,0.00000000000,0.00000000000,0.00000000000,0.00000000000
54.00000000000,2684.00000000000,193.00000000000,0.00000000000,0.00000000000,101.00000000000,3575.50000000000,0.00000000000,0.00000000000,1.00000000000,0.00000000000,19.00000000000,564.50000000000,0.50000000000,0.00000000000,13.50000000000,6.50000000000,0.00000000000,59.50000000000,1488.50000000000,99.50000000000,82.50000000000,0.00000000000,160.50000000000,0.00000000000,0.50000000000,0.00000000000,0.00000000000,0.00000000000,0.50000000000,0.00000000000,98.50000000000,150.00000000000,0.00000000000,26.00000000000,0.00000000000,72.50000000000,0.00000000000,95.00000000000,0.00000000000,55.00000000000,114.00000000000,3011.00000000000,0.00000000000,100.50000000000,0.00000000000,13.50000000000,1.00000000000,337.50000000000,0.00000000000,2672.50000000000
55.00000000000,101.00000000000,14.00000000000,1.00000000000,0.00000000000,3576.00000000000,59.00000000000,160.50000000000,2949.00000000000,1.00000000000,0.00000000000,199.50000000000,648.50000000000,1.50000000000,0.00000000000,20.50000000000,6.00000000000,0.00000000000,69.00000000000,0.00000000000,0.00000000000,0.00000000000,0.00000000000,0.00000000000,0.00000000000,82.50000000000,1520.00000000000,1.00000000000,0.00000000000,15.50000000000,0.00000000000,2684.50000000000,103.50000000000,32.00000000000,0.00000000000,0.50000000000,0.00000000000,1.00000000000,0.00000000000,0.00000000000,0.00000000000,0.00000000000,0.00000000000,0.00000000000,0.00000000000,0.00000000000,0.00000000000,0.00000000000,0.00000000000,0.00000000000,0.00000000000
56.00000000000,3577.00000000000,102.00000000000,0.00000000000,0.00000000000,74.50000000000,1573.50000000000,0.00000000000,0.00000000000,1.00000000000,0.00000000000,20.00000000000,573.50000000000,0.50000000000,0.00000000000,6.00000000000,10.00000000000,0.00000000000,69.00000000000,2950.00000000000,103.00000000000,143.50000000000,0.00000000000,133.50000000000,0.00000000000,1.00000000000,0.00000000000,0.00000000000,0.00000000000,0.00000000000,0.00000000000,102.50000000000,177.50000000000,0.00000000000,12.50000000000,0.00000000000,90.00000000000,0.00000000000,142.50000000000,0.00000000000,35.00000000000,192.50000000000,2652.00000000000,0.50000000000,165.50000000000,0.00000000000,26.50000000000,0.00000000000,313.00000000000,0.00000000000,2339.00000000000
57.00000000000,74.50000000000,7.00000000000,0.00000000000,0.00000000000,1573.50000000000,69.00000000000,133.50000000000,2621.50000000000,1.50000000000,0.00000000000,112.00000000000,672.00000000000,2.50000000000,0.00000000000,8.50000000000,7.50000000000,1.00000000000,65.00000000000,0.00000000000,0.00000000000,0.00000000000,0.00000000000,0.00000000000,0.00000000000,143.50000000000,2998.50000000000,1.50000000000,0.00000000000,28.00000000000,1.50000000000,3577.50000000000,116.00000000000,32.50000000000,0.00000000000,1.50000000000,0.00000000000,1.50000000000,0.00000000000,0.00000000000,0.00000000000,0.00000000000,0.00000000000,0.00000000000,0.00000000000,0.00000000000,0.00000000000,0.00000000000,0.00000000000,0.00000000000,0.00000000000
58.00000000000,1575.00000000000,152.00000000000,0.00000000000,0.00000000000,97.00000000000,3034.00000000000,0.00000000000,0.00000000000,1.50000000000,0.00000000000,14.50000000000,598.50000000000,0.50000000000,0.00000000000,7.00000000000,3.00000000000,0.00000000000,70.50000000000,2623.00000000000,116.00000000000,142.50000000000,0.00000000000,181.50000000000,0.00000000000,0.00000000000,0.00000000000,0.00000000000,0.00000000000,0.00000000000,0.00000000000,77.00000000000,102.00000000000,0.00000000000,13.50000000000,0.00000000000,63.50000000000,0.00000000000,63.50000000000,0.00000000000,38.50000000000,166.00000000000,3543.50000000000,0.00000000000,149.50000000000,0.00000000000,16.50000000000,2.00000000000,350.00000000000,0.00000000000,3191.50000000000
59.00000000000,97.00000000000,7.00000000000,2.00000000000,0.00000000000,3034.00000000000,70.50000000000,181.50000000000,3476.00000000000,1.50000000000,0.00000000000,155.00000000000,627.00000000000,0.50000000000,0.00000000000,14.00000000000,5.00000000000,0.00000000000,65.00000000000,0.00000000000,0.00000000000,0.00000000000,0.00000000000,0.00000000000,0.00000000000,142.50000000000,2646.50000000000,1.00000000000,0.00000000000,27.00000000000,1.50000000000,1575.50000000000,84.00000000000,16.50000000000,0.00000000000,1.00000000000,0.00000000000,1.50000000000,0.00000000000,0.50000000000,0.00000000000,0.00000000000,0.00000000000,0.00000000000,0.00000000000,0.00000000000,0.00000000000,0.00000000000,0.00000000000,0.00000000000,0.00000000000
60.00000000000,3035.00000000000,157.00000000000,0.00000000000,0.00000000000,97.50000000000,2683.00000000000,0.00000000000,0.00000000000,1.50000000000,0.00000000000,12.00000000000,557.00000000000,3.00000000000,0.00000000000,11.00000000000,6.50000000000,0.50000000000,59.00000000000,3477.50000000000,83.00000000000,179.50000000000,0.50000000000,75.00000000000,0.50000000000,2.00000000000,0.00000000000,0.50000000000,0.00000000000,0.50000000000,0.00000000000,97.50000000000,140.50000000000,0.00000000000,3.00000000000,0.00000000000,94.50000000000,0.00000000000,96.50000000000,0.00000000000,44.00000000000,198.00000000000,1558.50000000000,0.00000000000,168.00000000000,0.00000000000,30.00000000000,0.00000000000,193.50000000000,0.00000000000,1365.00000000000
61.00000000000,98.00000000000,12.50000000000,0.00000000000,0.00000000000,2683.50000000000,58.50000000000,75.00000000000,1566.50000000000,1.50000000000,0.00000000000,163.50000000000,631.50000000000,3.50000000000,0.00000000000,10.00000000000,4.50000000000,0.50000000000,61.50000000000,0.00000000000,0.00000000000,0.00000000000,0.00000000000,0.00000000000,0.00000000000,179.50000000000,3496.00000000000,3.50000000000,0.00000000000,35.00000000000,1.50000000000,3038.00000000000,96.00000000000,35.00000000000,0.00000000000,2.00000000000,0.00000000000,0.50000000000,0.00000000000,0.00000000000,0.00000000000,0.00000000000,0.00000000000,0.00000000000,0.00000000000,0.00000000000,0.00000000000,0.00000000000,0.00000000000,0.00000000000,0.00000000000
62.00000000000,2687.00000000000,187.50000000000,0.00000000000,0.00000000000,93.50000000000,3521.00000000000,0.00000000000,0.00000000000,1.50000000000,0.00000000000,17.00000000000,565.00000000000,0.50000000000,0.00000000000,11.00000000000,6.50000000000,0.00000000000,71.50000000000,1567.00000000000,97.50000000000,89.50000000000,0.00000000000,147.50000000000,1.50000000000,0.00000000000,0.00000000000,0.00000000000,0.00000000000,0.50000000000,0.00000000000,101.50000000000,150.50000000000,0.00000000000,23.50000000000,0.00000000000,78.00000000000,0.00000000000,61.00000000000,0.00000000000,89.50000000000,110.00000000000,3001.00000000000,0.00000000000,99.00000000000,0.00000000000,11.00000000000,0.50000000000,384.50000000000,0.00000000000,2616.00000000000
63.00000000000,93.50000000000,11.00000000000,0.50000000000,0.00000000000,3521.50000000000,71.00000000000,147.50000000000,2949.00000000000,1.50000000000,0.00000000000,194.00000000000,637.50000000000,2.00000000000,0.00000000000,18.50000000000,10.50000000000,0.00000000000,53.00000000000,0.00000000000,0.00000000000,0.00000000000,0.00000000000,0.00000000000,0.00000000000,89.50000000000,1589.00000000000,2.00000000000,0.00000000000,17.00000000000,0.50000000000,2687.50000000000,107.00000000000,30.00000000000,0.00000000000,1.50000000000,0.00000000000,2.00000000000,0.00000000000,0.00000000000,0.00000000000,0.00000000000,0.00000000000,0.00000000000,0.00000000000,0.00000000000,0.00000000000,0.00000000000,0.00000000000,0.00000000000,0.00000000000
64.00000000000,3523.50000000000,106.50000000000,0.00000000000,0.00000000000,88.00000000000,1624.50000000000,0.00000000000,0.00000000000,1.50000000000,0.00000000000,21.50000000000,574.00000000000,0.50000000000,0.00000000000,9.00000000000,6.00000000000,0.00000000000,61.50000000000,2951.00000000000,106.50000000000,164.00000000000,0.00000000000,141.00000000000,0.50000000000,0.50000000000,0.00000000000,0.00000000000,0.00000000000,0.00000000000,0.00000000000,95.50000000000,173.50000000000,0.00000000000,18.50000000000,0.00000000000,77.00000000000,0.00000000000,124.50000000000,0.00000000000,49.00000000000,177.50000000000,2656.00000000000,0.00000000000,155.50000000000,0.00000000000,22.00000000000,3.00000000000,330.50000000000,0.00000000000,2322.50000000000
65.00000000000,88.00000000000,9.50000000000,3.00000000000,0.00000000000,1624.50000000000,61.50000000000,141.00000000000,2618.00000000000,1.50000000000,0.00000000000,112.50000000000,680.00000000000,0.00000000000,0.00000000000,11.50000000000,8.50000000000,1.00000000000,66.00000000000,0.00000000000,0.00000000000,0.00000000000,0.00000000000,0.00000000000,0.00000000000,164.00000000000,2965.00000000000,1.00000000000,0.00000000000,31.50000000000,1.00000000000,3524.00000000000,107.50000000000,28.00000000000,0.00000000000,1.00000000000,0.00000000000,2.50000000000,0.00000000000,0.00000000000,0.00000000000,0.00000000000,0.00000000000,0.00000000000,0.00000000000,0.00000000000,0.00000000000,0.00000000000,0.00000000000,0.00000000000,0.00000000000
66.00000000000,1625.50000000000,175.50000000000,0.00000000000,0.00000000000,93.00000000000,2998.50000000000,0.00000000000,0.00000000000,1.50000000000,0.00000000000,18.00000000000,604.50000000000,1.00000000000,0.00000000000,7.00000000000,6.00000000000,0.00000000000,69.50000000000,2620.50000000000,106.00000000000,129.50000000000,0.00000000000,174.00000000000,0.50000000000,3.00000000000,0.00000000000,0.00000000000,0.00000000000,0.50000000000,0.00000000000,88.00000000000,102.00000000000,0.00000000000,17.00000000000,0.00000000000,71.00000000000,0.00000000000,59.50000000000,0.00000000000,42.50000000000,169.00000000000,3495.00000000000,0.00000000000,146.00000000000,0.00000000000,23.00000000000,2.50000000000,388.00000000000,0.00000000000,3104.50000000000
67.00000000000,93.00000000000,10.00000000000,2.50000000000,0.00000000000,2999.00000000000,69.00000000000,174.00000000000,3424.00000000000,1.50000000000,0.00000000000,181.50000000000,631.00000000000,0.00000000000,0.00000000000,16.50000000000,7.00000000000,0.50000000000,56.50000000000,0.00000000000,0.00000000000,0.00000000000,0.00000000000,0.00000000000,0.00000000000,129.50000000000,2660.50000000000,1.00000000000,0.00000000000,26.00000000000,1.00000000000,1626.50000000000,98.00000000000,17.50000000000,0.00000000000,0.00000000000,0.00000000000,1.00000000000,0.00000000000,0.00000000000,0.00000000000,0.00000000000,0.00000000000,0.00000000000,0.00000000000,0.00000000000,0.00000000000,0.00000000000,0.00000000000,0.00000000000,0.00000000000
68.00000000000,3000.00000000000,146.00000000000,0.00000000000,0.00000000000,95.00000000000,2690.00000000000,0.00000000000,0.00000000000,1.50000000000,0.00000000000,17.00000000000,567.00000000000,1.00000000000,0.00000000000,12.00000000000,3.50000000000,0.50000000000,73.00000000000,3425.00000000000,97.00000000000,178.50000000000,0.00000000000,71.50000000000,0.00000000000,2.50000000000,0.00000000000,0.50000000000,0.00000000000,0.50000000000,0.50000000000,93.00000000000,165.50000000000,0.00000000000,11.00000000000,0.00000000000,82.00000000000,0.00000000000,125.00000000000,0.00000000000,40.50000000000,191.50000000000,1609.00000000000,0.00000000000,170.50000000000,0.00000000000,21.00000000000,0.00000000000,179.00000000000,0.00000000000,1430.00000000000
69.00000000000,95.50000000000,14.50000000000,0.00000000000,0.00000000000,2690.50000000000,72.00000000000,71.50000000000,1634.50000000000,1.50000000000,0.00000000000,149.50000000000,655.50000000000,1.00000000000,0.00000000000,12.00000000000,7.00000000000,0.50000000000,74.00000000000,0.00000000000,0.00000000000,0.00000000000,0.00000000000,0.00000000000,0.00000000000,178.50000000000,3438.00000000000,2.50000000000,0.00000000000,36.00000000000,0.50000000000,3001.00000000000,97.50000000000,27.00000000000,0.00000000000,1.50000000000,0.00000000000,0.50000000000,0.00000000000,0.00000000000,0.00000000000,0.00000000000,0.00000000000,0.00000000000,0.00000000000,0.00000000000,0.00000000000,0.00000000000,0.00000000000,0.00000000000,0.00000000000
70.00000000000,2693.00000000000,188.50000000000,0.00000000000,0.00000000000,108.00000000000,3475.50000000000,0.00000000000,0.00000000000,1.50000000000,0.00000000000,21.50000000000,574.00000000000,1.00000000000,0.00000000000,12.00000000000,4.00000000000,0.00000000000,72.50000000000,1635.00000000000,98.50000000000,76.00000000000,0.00000000000,151.00000000000,0.50000000000,0.00000000000,0.00000000000,0.00000000000,0.00000000000,1.50000000000,0.00000000000,96.50000000000,137.00000000000,0.00000000000,26.00000000000,0.00000000000,70.50000000000,0.00000000000,60.00000000000,0.00000000000,77.00000000000,98.50000000000,2972.50000000000,1.00000000000,87.50000000000,0.00000000000,10.00000000000,1.50000000000,328.00000000000,0.00000000000,2643.00000000000
71.00000000000,108.00000000000,12.00000000000,1.50000000000,0.00000000000,3477.00000000000,71.00000000000,151.00000000000,2918.00000000000,2.50000000000,0.00000000000,192.50000000000,634.50000000000,3.00000000000,0.00000000000,18.00000000000,3.50000000000,1.00000000000,68.50000000000,0.00000000000,0.00000000000,0.00000000000,0.00000000000,0.00000000000,0.00000000000,76.00000000000,1657.00000000000,0.50000000000,0.00000000000,14.00000000000,0.00000000000,2694.00000000000,105.00000000000,19.50000000000,0.00000000000,0.50000000000,0.00000000000,0.50000000000,0.00000000000,0.00000000000,0.00000000000,0.00000000000,0.00000000000,0.00000000000,0.00000000000,0.00000000000,0.00000000000,0.00000000000,0.00000000000,0.00000000000,0.00000000000
72.00000000000,3477.50000000000,93.50000000000,0.00000000000,0.00000000000,85.00000000000,1711.50000000000,0.00000000000,0.00000000000,2.50000000000,0.00000000000,15.50000000000,561.50000000000,1.00000000000,0.00000000000,14.00000000000,7.50000000000,0.50000000000,81.50000000000,2918.50000000000,105.00000000000,150.50000000000,0.00000000000,136.00000000000,0.50000000000,1.50000000000,0.00000000000,0.00000000000,0.00000000000,0.50000000000,0.00000000000,111.00000000000,172.50000000000,0.00000000000,13.00000000000,0.00000000000,98.00000000000,0.00000000000,96.00000000000,0.00000000000,76.50000000000,170.50000000000,2674.00000000000,0.50000000000,153.00000000000,0.00000000000,17.00000000000,1.00000000000,326.50000000000,0.00000000000,2346.50000000000
73.00000000000,85.00000000000,15.50000000000,1.00000000000,0.00000000000,1712.00000000000,81.00000000000,136.00000000000,2641.50000000000,3.00000000000,0.00000000000,101.00000000000,644.50000000000,0.00000000000,0.00000000000,8.00000000000,7.50000000000,0.50000000000,54.50000000000,0.00000000000,0.00000000000,0.00000000000,0.00000000000,0.00000000000,0.00000000000,150.50000000000,2938.50000000000,1.50000000000,0.00000000000,27.50000000000,2.00000000000,3478.50000000000,112.00000000000,35.00000000000,0.00000000000,0.50000000000,0.00000000000,1.00000000000,0.00000000000,0.00000000000,0.00000000000,0.00000000000,0.00000000000,0.00000000000,0.00000000000,0.00000000000,0.00000000000,0.00000000000,0.00000000000,0.00000000000,0.00000000000
74.00000000000,1713.50000000000,159.00000000000,0.00000000000,0.00000000000,108.50000000000,2963.50000000000,0.00000000000,0.00000000000,3.00000000000,0.00000000000,23.00000000000,582.00000000000,0.50000000000,0.00000000000,9.50000000000,7.50000000000,0.50000000000,64.00000000000,2642.50000000000,111.50000000000,128.50000000000,0.50000000000,181.50000000000,2.00000000000,1.00000000000,0.00000000000,0.00000000000,0.00000000000,1.00000000000,0.00000000000,85.00000000000,93.50000000000,0.00000000000,10.50000000000,0.00000000000,74.50000000000,0.00000000000,36.00000000000,0.00000000000,57.50000000000,171.00000000000,3443.00000000000,1.00000000000,155.00000000000,0.00000000000,15.00000000000,2.50000000000,394.50000000000,0.00000000000,3046.00000000000
75.00000000000,108.50000000000,10.50000000000,2.50000000000,0.00000000000,2964.50000000000,63.00000000000,181.50000000000,3369.00000000000,4.00000000000,0.00000000000,166.50000000000,603.50000000000,1.00000000000,0.00000000000,12.50000000000,5.00000000000,0.00000000000,59.00000000000,0.00000000000,0.00000000000,0.00000000000,0.00000000000,0.00000000000,0.00000000000,128.50000000000,2685.50000000000,1.00000000000,0.00000000000,17.50000000000,1.00000000000,1714.00000000000,98.50000000000,24.50000000000,0.00000000000,0.00000000000,0.00000000000,2.00000000000,0.00000000000,0.00000000000,0.00000000000,0.00000000000,0.00000000000,0.00000000000,0.00000000000,0.00000000000,0.00000000000,0.00000000000,0.00000000000,0.00000000000,0.00000000000
76.00000000000,2965.50000000000,141.00000000000,0.00000000000,0.00000000000,80.50000000000,2726.00000000000,0.00000000000,0.00000000000,4.00000000000,0.00000000000,15.50000000000,539.50000000000,0.50000000000,0.00000000000,9.00000000000,5.50000000000,0.00000000000,70.00000000000,3371.00000000000,96.50000000000,171.50000000000,1.00000000000,76.50000000000,0.00000000000,2.50000000000,0.00000000000,0.00000000000,0.00000000000,0.00000000000,0.00000000000,109.50000000000,153.00000000000,0.00000000000,9.00000000000,0.00000000000,100.50000000000,0.00000000000,93.00000000000,0.00000000000,60.00000000000,206.00000000000,1689.50000000000,0.00000000000,182.50000000000,0.00000000000,23.50000000000,0.00000000000,227.00000000000,0.00000000000,1462.50000000000
77.00000000000,80.50000000000,11.50000000000,0.00000000000,0.00000000000,2726.00000000000,70.00000000000,76.50000000000,1710.50000000000,4.00000000000,0.00000000000,146.50000000000,617.00000000000,1.00000000000,0.00000000000,13.50000000000,5.50000000000,0.50000000000,55.50000000000,0.00000000000,0.00000000000,0.00000000000,0.00000000000,0.00000000000,0.00000000000,171.50000000000,3404.50000000000,2.00000000000,0.00000000000,37.00000000000,2.00000000000,2966.00000000000,115.50000000000,29.00000000000,0.00000000000,3.00000000000,0.00000000000,0.00000000000,0.00000000000,0.00000000000,0.00000000000,0.00000000000,0.00000000000,0.00000000000,0.00000000000,0.00000000000,0.00000000000,0.00000000000,0.00000000000,0.00000000000,0.00000000000
78.00000000000,2728.00000000000,185.00000000000,0.00000000000,0.00000000000,107.00000000000,3421.00000000000,0.00000000000,0.00000000000,4.00000000000,0.00000000000,17.00000000000,555.50000000000,1.00000000000,0.00000000000,8.50000000000,8.50000000000,0.00000000000,58.50000000000,1710.50000000000,118.50000000000,83.00000000000,1.00000000000,141.50000000000,1.00000000000,0.00000000000,0.00000000000,0.00000000000,0.00000000000,0.00000000000,0.00000000000,81.50000000000,132.50000000000,0.00000000000,21.50000000000,0.00000000000,60.00000000000,0.00000000000,44.00000000000,0.00000000000,88.50000000000,105.50000000000,2934.00000000000,0.00000000000,95.50000000000,0.00000000000,10.00000000000,3.00000000000,299.50000000000,0.00000000000,2631.50000000000
79.00000000000,107.00000000000,8.50000000000,3.00000000000,0.00000000000,3421.00000000000,58.50000000000,141.50000000000,2908.00000000000,4.00000000000,0.00000000000,193.50000000000,621.00000000000,2.50000000000,0.00000000000,19.00000000000,5.50000000000,0.00000000000,61.00000000000,0.00000000000,0.00000000000,0.00000000000,0.00000000000,0.00000000000,0.00000000000,83.00000000000,1733.00000000000,2.50000000000,0.00000000000,16.00000000000,0.00000000000,2729.00000000000,89.00000000000,28.00000000000,0.00000000000,2.00000000000,0.00000000000,0.00000000000,0.00000000000,0.00000000000,0.00000000000,0.00000000000,0.00000000000,0.00000000000,0.00000000000,0.00000000000,0.00000000000,0.00000000000,0.00000000000,0.00000000000,0.00000000000
80.00000000000,3423.50000000000,99.50000000000,0.00000000000,0.00000000000,74.50000000000,1778.00000000000,0.00000000000,0.00000000000,4.00000000000,0.00000000000,14.00000000000,554.50000000000,0.50000000000,0.00000000000,8.50000000000,10.00000000000,0.00000000000,71.00000000000,2908.00000000000,91.00000000000,148.50000000000,0.50000000000,138.00000000000,1.50000000000,3.00000000000,0.00000000000,0.00000000000,0.00000000000,0.00000000000,0.00000000000,109.50000000000,172.00000000000,0.00000000000,12.50000000000,0.00000000000,97.00000000000,0.00000000000,98.50000000000,0.00000000000,73.50000000000,169.50000000000,2699.00000000000,0.50000000000,153.00000000000,0.00000000000,16.00000000000,1.00000000000,310.50000000000,0.00000000000,2387.50000000000
81.00000000000,74.50000000000,11.50000000000,1.00000000000,0.00000000000,1778.00000000000,71.00000000000,138.00000000000,2650.00000000000,4.50000000000,0.00000000000,109.50000000000,645.50000000000,0.50000000000,0.00000000000,7.50000000000,6.50000000000,0.00000000000,64.50000000000,0.00000000000,0.00000000000,0.00000000000,0.00000000000,0.00000000000,0.00000000000,148.50000000000,2929.50000000000,1.50000000000,0.00000000000,29.50000000000,0.00000000000,3424.00000000000,114.50000000000,31.50000000000,0.00000000000,0.00000000000,0.00000000000,1.50000000000,0.00000000000,0.00000000000,0.00000000000,0.00000000000,0.00000000000,0.00000000000,0.00000000000,0.00000000000,0.00000000000,0.00000000000,0.00000000000,0.00000000000,0.00000000000
82.00000000000,1779.50000000000,154.50000000000,0.00000000000,0.00000000000,100.50000000000,2964.50000000000,0.00000000000,0.00000000000,4.50000000000,0.00000000000,18.00000000000,574.50000000000,1.00000000000,0.00000000000,8.00000000000,6.50000000000,0.00000000000,56.00000000000,2651.50000000000,113.00000000000,143.00000000000,2.00000000000,152.50000000000,1.00000000000,1.00000000000,0.00000000000,0.00000000000,0.00000000000,0.50000000000,0.00000000000,75.00000000000,101.50000000000,0.00000000000,12.00000000000,0.00000000000,63.00000000000,0.00000000000,40.50000000000,0.00000000000,61.00000000000,169.50000000000,3392.50000000000,0.00000000000,151.50000000000,0.00000000000,18.00000000000,2.00000000000,368.00000000000,0.00000000000,3022.50000000000
83.00000000000,100.50000000000,9.00000000000,2.00000000000,0.00000000000,2965.00000000000,55.50000000000,152.50000000000,3352.00000000000,4.50000000000,0.00000000000,161.00000000000,613.50000000000,0.50000000000,0.00000000000,19.50000000000,5.50000000000,0.50000000000,61.50000000000,0.00000000000,0.00000000000,0.00000000000,0.00000000000,0.00000000000,0.00000000000,143.00000000000,2677.00000000000,1.00000000000,0.00000000000,24.00000000000,0.50000000000,1780.50000000000,84.00000000000,20.50000000000,0.00000000000,0.50000000000,0.00000000000,0.00000000000,0.00000000000,0.00000000000,0.00000000000,0.00000000000,0.00000000000,0.00000000000,0.00000000000,0.00000000000,0.00000000000,0.00000000000,0.00000000000,0.00000000000,0.00000000000
84.00000000000,2966.00000000000,162.00000000000,0.00000000000,0.00000000000,79.50000000000,2714.00000000000,0.00000000000,0.00000000000,4.50000000000,0.00000000000,14.50000000000,546.00000000000,0.50000000000,0.00000000000,11.00000000000,6.00000000000,0.00000000000,64.00000000000,3352.00000000000,84.50000000000,175.00000000000,0.50000000000,80.00000000000,2.50000000000,2.00000000000,0.00000000000,0.00000000000,0.00000000000,0.00000000000,0.00000000000,101.00000000000,141.50000000000,0.00000000000,6.00000000000,0.00000000000,95.00000000000,0.00000000000,78.00000000000,0.00000000000,63.50000000000,173.00000000000,1759.50000000000,0.00000000000,156.00000000000,0.00000000000,17.00000000000,0.50000000000,228.00000000000,0.00000000000,1531.00000000000
85.00000000000,79.50000000000,13.00000000000,0.50000000000,0.00000000000,2714.00000000000,64.00000000000,80.00000000000,1761.50000000000,4.50000000000,0.00000000000,168.00000000000,617.50000000000,1.50000000000,0.00000000000,12.50000000000,7.50000000000,0.00000000000,57.00000000000,0.00000000000,0.00000000000,0.00000000000,0.00000000000,0.00000000000,0.00000000000,175.00000000000,3352.00000000000,1.00000000000,0.00000000000,32.50000000000,1.00000000000,2966.50000000000,104.00000000000,27.50000000000,0.00000000000,1.00000000000,0.00000000000,0.00000000000,0.00000000000,0.00000000000,0.00000000000,0.00000000000,0.00000000000,0.00000000000,0.00000000000,0.00000000000,0.00000000000,0.00000000000,0.00000000000,0.00000000000,0.00000000000
86.00000000000,2715.00000000000,187.50000000000,0.00000000000,0.00000000000,96.50000000000,3375.50000000000,0.00000000000,0.00000000000,4.50000000000,0.00000000000,20.50000000000,553.00000000000,0.50000000000,0.00000000000,9.50000000000,5.00000000000,0.50000000000,68.50000000000,1761.50000000000,105.00000000000,89.50000000000,1.00000000000,151.50000000000,2.00000000000,0.50000000000,0.00000000000,0.00000000000,0.00000000000,1.00000000000,0.00000000000,81.00000000000,154.00000000000,0.00000000000,16.50000000000,0.00000000000,64.50000000000,0.00000000000,54.00000000000,0.00000000000,100.00000000000,107.50000000000,2938.00000000000,0.50000000000,97.00000000000,0.00000000000,10.00000000000,1.00000000000,314.50000000000,0.00000000000,2622.50000000000
87.00000000000,96.50000000000,10.00000000000,1.00000000000,0.00000000000,3376.50000000000,67.50000000000,151.50000000000,2889.50000000000,5.00000000000,0.00000000000,192.50000000000,633.00000000000,1.50000000000,0.00000000000,19.00000000000,5.00000000000,1.00000000000,54.00000000000,0.00000000000,0.00000000000,0.00000000000,0.00000000000,0.00000000000,0.00000000000,89.50000000000,1780.00000000000,2.50000000000,0.00000000000,18.00000000000,0.00000000000,2715.50000000000,92.00000000000,29.50000000000,0.00000000000,2.50000000000,0.00000000000,0.00000000000,0.00000000000,0.00000000000,0.00000000000,0.00000000000,0.00000000000,0.00000000000,0.00000000000,0.00000000000,0.00000000000,0.00000000000,0.00000000000,0.00000000000,0.00000000000
88.00000000000,3379.00000000000,106.00000000000,0.00000000000,0.00000000000,85.50000000000,1816.00000000000,0.00000000000,0.00000000000,5.00000000000,0.00000000000,15.00000000000,573.00000000000,1.00000000000,0.00000000000,12.50000000000,7.00000000000,0.50000000000,74.00000000000,2889.50000000000,94.50000000000,151.50000000000,0.00000000000,123.50000000000,0.00000000000,1.00000000000,0.00000000000,0.00000000000,0.00000000000,0.00000000000,0.00000000000,98.00000000000,173.00000000000,0.00000000000,13.00000000000,0.00000000000,85.00000000000,0.00000000000,116.00000000000,0.00000000000,57.00000000000,181.00000000000,2683.50000000000,0.00000000000,157.00000000000,0.00000000000,24.00000000000,4.00000000000,294.50000000000,0.00000000000,2385.00000000000
89.00000000000,85.50000000000,13.50000000000,4.00000000000,0.00000000000,1816.00000000000,74.00000000000,123.50000000000,2650.50000000000,5.00000000000,0.00000000000,113.00000000000,664.50000000000,1.00000000000,0.00000000000,8.00000000000,4.50000000000,0.00000000000,68.00000000000,0.00000000000,0.00000000000,0.00000000000,0.00000000000,0.00000000000,0.00000000000,151.50000000000,2919.00000000000,2.00000000000,0.00000000000,23.00000000000,1.00000000000,3380.00000000000,100.00000000000,34.50000000000,0.00000000000,1.50000000000,0.00000000000,1.00000000000,0.00000000000,0.00000000000,0.00000000000,0.00000000000,0.00000000000,0.00000000000,0.00000000000,0.00000000000,0.00000000000,0.00000000000,0.00000000000,0.00000000000,0.00000000000
90.00000000000,1818.00000000000,158.50000000000,0.00000000000,0.00000000000,97.00000000000,2963.00000000000,0.00000000000,0.00000000000,5.00000000000,0.00000000000,18.00000000000,592.00000000000,0.50000000000,0.50000000000,8.50000000000,6.00000000000,0.50000000000,63.50000000000,2651.50000000000,100.50000000000,121.00000000000,1.00000000000,175.50000000000,0.50000000000,4.00000000000,0.00000000000,0.50000000000,0.00000000000,0.50000000000,0.00000000000,86.50000000000,104.00000000000,0.00000000000,14.00000000000,0.00000000000,72.50000000000,0.00000000000,65.00000000000,0.00000000000,39.00000000000,158.00000000000,3344.00000000000,0.00000000000,141.50000000000,0.00000000000,16.50000000000,1.50000000000,419.50000000000,0.00000000000,2923.00000000000
91.00000000000,97.50000000000,12.00000000000,1.50000000000,0.00000000000,2963.50000000000,63.00000000000,175.50000000000,3268.00000000000,5.00000000000,0.00000000000,164.50000000000,626.50000000000,1.50000000000,0.00000000000,17.50000000000,5.50000000000,0.00000000000,54.50000000000,0.00000000000,0.00000000000,0.00000000000,0.00000000000,0.00000000000,0.00000000000,121.00000000000,2688.00000000000,1.50000000000,0.00000000000,33.00000000000,1.00000000000,1818.50000000000,95.50000000000,21.00000000000,0.00000000000,0.00000000000,0.00000000000,0.00000000000,0.00000000000,0.00000000000,0.00000000000,0.00000000000,0.00000000000,0.00000000000,0.00000000000,0.00000000000,0.00000000000,0.00000000000,0.00000000000,0.00000000000,0.00000000000
92.00000000000,2965.00000000000,138.00000000000,0.00000000000,0.00000000000,96.00000000000,2708.50000000000,0.00000000000,0.00000000000,5.00000000000,0.00000000000,17.50000000000,566.50000000000,2.50000000000,0.00000000000,4.50000000000,4.50000000000,0.00000000000,76.00000000000,3268.00000000000,95.50000000000,191.50000000000,1.50000000000,94.50000000000,1.50000000000,1.50000000000,0.00000000000,0.00000000000,0.00000000000,1.00000000000,0.00000000000,99.00000000000,145.50000000000,0.00000000000,4.00000000000,0.00000000000,95.00000000000,0.00000000000,103.50000000000,0.00000000000,42.00000000000,196.50000000000,1797.50000000000,0.00000000000,179.00000000000,0.00000000000,17.50000000000,0.50000000000,255.50000000000,0.00000000000,1541.50000000000
93.00000000000,96.00000000000,6.00000000000,0.50000000000,0.00000000000,2709.50000000000,75.00000000000,94.50000000000,1798.00000000000,5.00000000000,0.00000000000,142.50000000000,631.50000000000,2.50000000000,0.00000000000,13.00000000000,4.50000000000,0.50000000000,65.00000000000,0.00000000000,0.00000000000,0.00000000000,0.00000000000,0.00000000000,0.00000000000,191.50000000000,3273.00000000000,2.00000000000,0.00000000000,35.50000000000,0.00000000000,2967.50000000000,109.50000000000,23.50000000000,0.00000000000,0.50000000000,0.00000000000,1.00000000000,0.00000000000,0.00000000000,0.00000000000,0.00000000000,0.00000000000,0.00000000000,0.00000000000,0.00000000000,0.00000000000,0.00000000000,0.00000000000,0.00000000000,0.00000000000
94.00000000000,2711.50000000000,202.50000000000,0.00000000000,0.00000000000,110.50000000000,3302.50000000000,0.00000000000,0.00000000000,5.00000000000,0.00000000000,10.50000000000,561.50000000000,1.50000000000,0.00000000000,9.50000000000,11.00000000000,0.00000000000,61.50000000000,1799.00000000000,109.00000000000,85.00000000000,1.00000000000,146.00000000000,3.50000000000,0.50000000000,0.00000000000,0.00000000000,0.00000000000,0.00000000000,0.00000000000,98.50000000000,127.50000000000,0.00000000000,20.50000000000,0.00000000000,78.00000000000,0.00000000000,49.00000000000,0.00000000000,78.50000000000,118.00000000000,2943.50000000000,0.00000000000,107.00000000000,0.00000000000,11.00000000000,0.50000000000,320.00000000000,0.00000000000,2623.00000000000
95.00000000000,110.50000000000,10.00000000000,0.50000000000,0.00000000000,3302.50000000000,61.50000000000,146.00000000000,2903.50000000000,5.00000000000,0.00000000000,213.50000000000,616.50000000000,3.50000000000,0.00000000000,21.00000000000,4.00000000000,0.00000000000,61.50000000000,0.00000000000,0.00000000000,0.00000000000,0.00000000000,0.00000000000,0.00000000000,85.00000000000,1834.50000000000,0.50000000000,0.50000000000,20.00000000000,1.00000000000,2713.00000000000,98.00000000000,21.00000000000,0.00000000000,2.00000000000,0.00000000000,0.50000000000,0.00000000000,0.00000000000,0.00000000000,0.00000000000,0.00000000000,0.00000000000,0.00000000000,0.00000000000,0.00000000000,0.00000000000,0.00000000000,0.00000000000,0.00000000000
96.00000000000,3303.00000000000,106.00000000000,0.00000000000,0.00000000000,81.50000000000,1875.50000000000,0.00000000000,0.00000000000,5.00000000000,0.00000000000,14.00000000000,551.00000000000,0.50000000000,0.00000000000,9.00000000000,4.50000000000,0.00000000000,72.50000000000,2904.00000000000,99.50000000000,158.00000000000,0.00000000000,133.00000000000,0.50000000000,0.50000000000,0.00000000000,0.00000000000,0.00000000000,0.50000000000,0.00000000000,114.00000000000,189.00000000000,0.00000000000,6.00000000000,0.00000000000,108.00000000000,0.00000000000,81.50000000000,0.00000000000,107.50000000000,167.00000000000,2690.00000000000,0.00000000000,148.00000000000,0.00000000000,19.00000000000,0.50000000000,375.50000000000,0.00000000000,2314.00000000000
97.00000000000,81.50000000000,9.50000000000,0.50000000000,0.00000000000,1876.00000000000,72.00000000000,133.00000000000,2655.50000000000,5.00000000000,0.00000000000,110.50000000000,663.00000000000,2.00000000000,0.00000000000,14.50000000000,6.50000000000,0.00000000000,60.50000000000,0.00000000000,0.00000000000,0.00000000000,0.00000000000,0.00000000000,0.00000000000,158.00000000000,2913.50000000000,2.00000000000,0.00000000000,32.50000000000,1.00000000000,3303.50000000000,118.50000000000,34.50000000000,0.00000000000,0.50000000000,0.00000000000,1.00000000000,0.00000000000,0.00000000000,0.00000000000,0.00000000000,0.00000000000,0.00000000000,0.00000000000,0.00000000000,0.00000000000,0.00000000000,0.00000000000,0.00000000000,0.00000000000
98.00000000000,1878.00000000000,171.50000000000,0.00000000000,0.00000000000,104.50000000000,2940.50000000000,0.00000000000,0.00000000000,5.00000000000,0.00000000000,16.00000000000,596.00000000000,2.00000000000,0.00000000000,8.50000000000,3.00000000000,0.50000000000,62.00000000000,2656.50000000000,118.00000000000,141.00000000000,2.50000000000,159.50000000000,1.00000000000,0.50000000000,0.00000000000,0.50000000000,0.00000000000,0.00000000000,0.00000000000,83.50000000000,94.00000000000,0.00000000000,6.50000000000,0.00000000000,77.00000000000,0.00000000000,34.50000000000,0.00000000000,59.50000000000,167.50000000000,3268.50000000000,0.00000000000,156.00000000000,0.00000000000,11.50000000000,0.50000000000,380.50000000000,0.00000000000,2887.50000000000
99.00000000000,105.00000000000,8.50000000000,0.50000000000,0.00000000000,2940.50000000000,62.00000000000,159.50000000000,3228.00000000000,5.00000000000,0.00000000000,174.50000000000,624.50000000000,1.00000000000,0.00000000000,15.00000000000,6.00000000000,0.00000000000,60.00000000000,0.00000000000,0.00000000000,0.00000000000,0.00000000000,0.00000000000,0.00000000000,141.00000000000,2681.50000000000,1.00000000000,0.00000000000,30.50000000000,2.00000000000,1880.00000000000,89.50000000000,14.00000000000,0.00000000000,0.50000000000,0.00000000000,0.50000000000,0.00000000000,0.00000000000,0.00000000000,0.00000000000,0.00000000000,0.00000000000,0.00000000000,0.00000000000,0.00000000000,0.00000000000,0.00000000000,0.00000000000,0.00000000000
100.00000000000,2941.50000000000,157.00000000000,0.00000000000,0.00000000000,92.50000000000,2709.00000000000,0.00000000000,0.00000000000,5.00000000000,0.00000000000,14.50000000000,558.50000000000,2.00000000000,0.00000000000,9.50000000000,7.00000000000,0.00000000000,70.00000000000,3228.50000000000,89.50000000000,179.50000000000,3.00000000000,88.00000000000,0.50000000000,0.50000000000,0.00000000000,0.00000000000,0.00000000000,0.50000000000,0.00000000000,106.00000000000,158.50000000000,0.00000000000,6.00000000000,0.00000000000,100.00000000000,0.00000000000,91.50000000000,0.00000000000,67.00000000000,173.50000000000,1865.50000000000,0.00000000000,154.00000000000,0.00000000000,19.50000000000,0.50000000000,261.50000000000,0.00000000000,1603.50000000000
101.00000000000,92.50000000000,10.00000000000,0.50000000000,0.00000000000,2709.50000000000,69.50000000000,88.00000000000,1869.00000000000,5.00000000000,0.00000000000,164.00000000000,640.00000000000,2.50000000000,0.00000000000,12.50000000000,4.50000000000,0.50000000000,57.00000000000,0.00000000000,0.00000000000,0.00000000000,0.00000000000,0.00000000000,0.00000000000,179.50000000000,3220.00000000000,2.50000000000,0.00000000000,29.50000000000,3.50000000000,2943.50000000000,109.00000000000,29.00000000000,0.00000000000,0.50000000000,0.00000000000,0.00000000000,0.00000000000,0.00000000000,0.00000000000,0.00000000000,0.00000000000,0.00000000000,0.00000000000,0.00000000000,0.00000000000,0.00000000000,0.00000000000,0.00000000000,0.00000000000
102.00000000000,2712.00000000000,193.00000000000,0.00000000000,0.00000000000,99.00000000000,3244.00000000000,0.00000000000,0.00000000000,5.00000000000,0.00000000000,14.50000000000,578.00000000000,0.00000000000,0.00000000000,13.50000000000,5.00000000000,0.50000000000,54.50000000000,1869.00000000000,109.50000000000,78.50000000000,0.00000000000,143.50000000000,0.50000000000,0.50000000000,0.00000000000,0.50000000000,0.00000000000,0.00000000000,0.00000000000,95.00000000000,149.50000000000,0.00000000000,19.50000000000,0.00000000000,75.50000000000,0.00000000000,58.00000000000,0.00000000000,91.50000000000,117.00000000000,2914.00000000000,0.00000000000,102.50000000000,0.00000000000,14.50000000000,0.50000000000,275.50000000000,0.00000000000,2638.00000000000
103.00000000000,99.50000000000,13.50000000000,0.50000000000,0.00000000000,3244.00000000000,54.50000000000,143.50000000000,2879.00000000000,5.00000000000,0.00000000000,198.00000000000,667.50000000000,2.00000000000,0.00000000000,17.00000000000,4.00000000000,0.00000000000,72.00000000000,0.00000000000,0.00000000000,0.00000000000,0.00000000000,0.00000000000,0.00000000000,78.50000000000,1908.00000000000,1.00000000000,0.00000000000,18.00000000000,0.00000000000,2712.00000000000,96.50000000000,27.00000000000,0.00000000000,0.50000000000,0.00000000000,2.00000000000,0.00000000000,0.00000000000,0.00000000000,0.00000000000,0.00000000000,0.00000000000,0.00000000000,0.00000000000,0.00000000000,0.00000000000,0.00000000000,0.00000000000,0.00000000000
104.00000000000,3245.00000000000,94.50000000000,0.00000000000,0.00000000000,72.50000000000,1962.00000000000,0.00000000000,0.00000000000,5.00000000000,0.00000000000,17.50000000000,591.50000000000,0.50000000000,0.00000000000,10.50000000000,7.50000000000,0.00000000000,71.00000000000,2881.00000000000,95.00000000000,138.50000000000,1.50000000000,140.00000000000,0.50000000000,0.50000000000,0.00000000000,0.50000000000,0.00000000000,0.50000000000,0.00000000000,101.50000000000,179.00000000000,0.00000000000,14.00000000000,0.00000000000,87.50000000000,0.00000000000,81.50000000000,0.00000000000,97.50000000000,170.50000000000,2684.50000000000,0.00000000000,158.50000000000,0.00000000000,12.00000000000,1.50000000000,330.50000000000,0.00000000000,2352.50000000000
105.00000000000,73.00000000000,10.50000000000,1.50000000000,0.00000000000,1962.50000000000,70.50000000000,140.00000000000,2639.00000000000,5.00000000000,0.00000000000,102.00000000000,692.00000000000,1.50000000000,0.00000000000,9.50000000000,8.00000000000,0.50000000000,70.50000000000,0.00000000000,0.00000000000,0.00000000000,0.00000000000,0.00000000000,0.00000000000,138.50000000000,2912.00000000000,2.00000000000,0.00000000000,32.00000000000,0.50000000000,3245.50000000000,108.00000000000,29.50000000000,0.00000000000,0.50000000000,0.00000000000,0.50000000000,0.00000000000,0.00000000000,0.00000000000,0.00000000000,0.00000000000,0.00000000000,0.00000000000,0.00000000000,0.00000000000,0.00000000000,0.00000000000,0.00000000000,0.00000000000
106.00000000000,1964.50000000000,146.50000000000,0.00000000000,0.00000000000,102.50000000000,2950.00000000000,0.00000000000,0.00000000000,5.00000000000,0.00000000000,18.50000000000,613.00000000000,2.50000000000,0.00000000000,8.50000000000,7.50000000000,0.00000000000,64.50000000000,2639.50000000000,108.00000000000,140.50000000000,0.50000000000,157.50000000000,1.00000000000,1.50000000000,0.00000000000,0.00000000000,0.00000000000,0.50000000000,0.00000000000,74.50000000000,91.50000000000,0.00000000000,8.00000000000,0.00000000000,66.50000000000,0.00000000000,37.00000000000,0.00000000000,54.50000000000,169.50000000000,3215.50000000000,0.00000000000,155.50000000000,0.00000000000,14.00000000000,2.00000000000,329.00000000000,0.00000000000,2884.50000000000
107.00000000000,102.50000000000,10.00000000000,2.00000000000,0.00000000000,2950.50000000000,64.00000000000,157.50000000000,3163.50000000000,5.00000000000,0.00000000000,154.00000000000,632.50000000000,2.50000000000,0.00000000000,18.00000000000,6.00000000000,0.50000000000,69.50000000000,0.00000000000,0.00000000000,0.00000000000,0.00000000000,0.00000000000,0.00000000000,140.50000000000,2669.00000000000,1.00000000000,0.00000000000,29.00000000000,0.00000000000,1967.00000000000,82.00000000000,18.50000000000,0.00000000000,0.50000000000,0.00000000000,1.00000000000,0.00000000000,0.00000000000,0.00000000000,0.00000000000,0.00000000000,0.00000000000,0.00000000000,0.00000000000,0.00000000000,0.00000000000,0.00000000000,0.00000000000,0.00000000000
108.00000000000,2951.50000000000,157.50000000000,0.00000000000,0.00000000000,93.00000000000,2709.50000000000,0.00000000000,0.00000000000,5.00000000000,0.00000000000,16.00000000000,556.50000000000,1.00000000000,0.00000000000,15.00000000000,6.50000000000,0.50000000000,69.00000000000,3164.50000000000,81.50000000000,159.50000000000,0.00000000000,99.00000000000,1.50000000000,2.00000000000,0.00000000000,0.00000000000,0.00000000000,0.50000000000,0.00000000000,105.00000000000,134.00000000000,0.00000000000,6.00000000000,0.00000000000,99.00000000000,0.00000000000,74.50000000000,0.00000000000,59.50000000000,176.00000000000,1948.00000000000,0.50000000000,154.50000000000,0.00000000000,21.00000000000,0.00000000000,297.00000000000,0.00000000000,1651.00000000000
109.00000000000,93.00000000000,17.00000000000,0.00000000000,0.00000000000,2710.00000000000,68.50000000000,99.00000000000,1929.00000000000,5.50000000000,0.00000000000,164.00000000000,614.50000000000,2.00000000000,0.00000000000,19.50000000000,8.50000000000,0.50000000000,62.00000000000,0.00000000000,0.00000000000,0.00000000000,0.00000000000,0.00000000000,0.00000000000,159.50000000000,3182.00000000000,0.50000000000,0.50000000000,28.00000000000,0.50000000000,2952.50000000000,105.50000000000,38.00000000000,0.00000000000,0.00000000000,0.00000000000,1.50000000000,0.00000000000,0.00000000000,0.00000000000,0.00000000000,0.00000000000,0.00000000000,0.00000000000,0.00000000000,0.00000000000,0.00000000000,0.00000000000,0.00000000000,0.00000000000
110.00000000000,2710.50000000000,178.50000000000,0.00000000000,0.00000000000,96.50000000000,3216.00000000000,0.00000000000,0.00000000000,5.50000000000,0.00000000000,25.50000000000,543.50000000000,0.50000000000,0.00000000000,12.50000000000,6.00000000000,0.50000000000,75.00000000000,1930.50000000000,104.00000000000,102.50000000000,1.50000000000,141.00000000000,3.00000000000,0.00000000000,0.00000000000,0.50000000000,0.00000000000,0.50000000000,0.00000000000,95.00000000000,143.00000000000,0.00000000000,12.50000000000,0.00000000000,82.50000000000,0.00000000000,52.50000000000,0.00000000000,90.50000000000,137.00000000000,2914.50000000000,0.00000000000,121.00000000000,0.00000000000,16.00000000000,1.50000000000,359.50000000000,0.00000000000,2553.50000000000
111.00000000000,97.00000000000,12.00000000000,1.50000000000,0.00000000000,3216.50000000000,74.50000000000,141.00000000000,2874.50000000000,5.50000000000,0.00000000000,184.50000000000,605.00000000000,1.50000000000,0.00000000000,15.00000000000,7.50000000000,0.50000000000,62.00000000000,0.00000000000,0.00000000000,0.00000000000,0.00000000000,0.00000000000,0.00000000000,102.50000000000,1966.50000000000,1.50000000000,0.00000000000,19.00000000000,0.50000000000,2711.00000000000,108.00000000000,28.50000000000,0.00000000000,0.50000000000,0.00000000000,0.50000000000,0.00000000000,0.00000000000,0.00000000000,0.00000000000,0.00000000000,0.00000000000,0.00000000000,0.00000000000,0.00000000000,0.00000000000,0.00000000000,0.00000000000,0.00000000000
112.00000000000,3218.00000000000,116.50000000000,0.00000000000,0.00000000000,93.50000000000,2009.00000000000,0.00000000000,0.00000000000,5.50000000000,0.00000000000,19.50000000000,535.00000000000,0.50000000000,0.00000000000,14.00000000000,8.00000000000,0.50000000000,69.00000000000,2875.00000000000,108.00000000000,144.50000000000,1.00000000000,143.50000000000,0.50000000000,1.50000000000,0.00000000000,0.00000000000,0.00000000000,0.50000000000,0.00000000000,98.50000000000,168.50000000000,0.00000000000,8.50000000000,0.00000000000,90.00000000000,0.00000000000,77.50000000000,0.00000000000,91.00000000000,169.50000000000,2682.00000000000,0.00000000000,144.50000000000,0.00000000000,25.00000000000,1.00000000000,364.00000000000,0.00000000000,2317.00000000000
113.00000000000,93.50000000000,15.50000000000,1.00000000000,0.00000000000,2009.50000000000,68.50000000000,143.50000000000,2646.00000000000,5.50000000000,0.00000000000,124.50000000000,626.00000000000,2.50000000000,0.00000000000,17.50000000000,7.00000000000,0.00000000000,64.00000000000,0.00000000000,0.00000000000,0.00000000000,0.00000000000,0.00000000000,0.00000000000,144.50000000000,2899.50000000000,1.00000000000,0.00000000000,31.50000000000,1.50000000000,3218.50000000000,104.00000000000,36.50000000000,0.00000000000,1.50000000000,0.00000000000,2.50000000000,0.00000000000,0.00000000000,0.00000000000,0.00000000000,0.00000000000,0.00000000000,0.00000000000,0.00000000000,0.00000000000,0.00000000000,0.00000000000,0.00000000000,0.00000000000
114.00000000000,2010.50000000000,162.50000000000,0.00000000000,0.00000000000,100.00000000000,2930.50000000000,0.00000000000,0.00000000000,5.50000000000,0.00000000000,22.50000000000,555.00000000000,2.00000000000,0.00000000000,14.50000000000,7.00000000000,0.50000000000,60.50000000000,2648.50000000000,103.00000000000,131.50000000000,1.00000000000,157.50000000000,1.00000000000,1.00000000000,0.00000000000,0.00000000000,0.00000000000,0.00000000000,0.00000000000,96.00000000000,104.50000000000,0.00000000000,12.50000000000,0.00000000000,83.50000000000,0.00000000000,46.00000000000,0.00000000000,58.50000000000,180.00000000000,3180.50000000000,0.00000000000,161.50000000000,0.00000000000,18.50000000000,0.50000000000,431.00000000000,0.00000000000,2749.00000000000
115.00000000000,100.00000000000,15.50000000000,0.50000000000,0.00000000000,2930.50000000000,60.50000000000,157.50000000000,3125.50000000000,5.50000000000,0.00000000000,169.50000000000,591.50000000000,0.50000000000,0.50000000000,13.00000000000,6.00000000000,0.00000000000,66.50000000000,0.00000000000,0.00000000000,0.00000000000,0.00000000000,0.00000000000,0.00000000000,131.50000000000,2697.00000000000,1.00000000000,0.00000000000,29.00000000000,1.00000000000,2012.50000000000,102.50000000000,15.00000000000,0.00000000000,1.00000000000,0.00000000000,1.50000000000,0.00000000000,0.00000000000,0.00000000000,0.00000000000,0.00000000000,0.00000000000,0.00000000000,0.00000000000,0.00000000000,0.00000000000,0.00000000000,0.00000000000,0.00000000000
116.00000000000,2931.50000000000,144.50000000000,0.00000000000,0.00000000000,89.50000000000,2733.50000000000,0.00000000000,0.00000000000,5.50000000000,0.00000000000,21.50000000000,519.50000000000,1.50000000000,0.00000000000,10.00000000000,9.00000000000,0.00000000000,60.00000000000,3127.00000000000,102.00000000000,168.00000000000,2.00000000000,104.50000000000,2.00000000000,0.50000000000,0.00000000000,0.00000000000,0.00000000000,0.50000000000,0.00000000000,100.50000000000,155.50000000000,0.00000000000,6.00000000000,0.00000000000,94.50000000000,0.00000000000,79.50000000000,0.00000000000,76.00000000000,172.50000000000,1996.50000000000,0.00000000000,149.00000000000,0.00000000000,23.50000000000,0.50000000000,282.50000000000,0.00000000000,1713.50000000000
117.00000000000,89.50000000000,10.50000000000,0.50000000000,0.00000000000,2734.00000000000,59.50000000000,104.50000000000,1993.50000000000,5.50000000000,0.00000000000,153.50000000000,606.00000000000,1.50000000000,0.00000000000,15.00000000000,7.00000000000,0.50000000000,60.00000000000,0.00000000000,0.00000000000,0.00000000000,0.00000000000,0.00000000000,0.00000000000,168.00000000000,3131.50000000000,3.00000000000,0.00000000000,28.00000000000,0.00000000000,2933.00000000000,110.50000000000,29.00000000000,0.00000000000,0.00000000000,0.00000000000,0.50000000000,0.00000000000,0.00000000000,0.00000000000,0.00000000000,0.00000000000,0.00000000000,0.00000000000,0.00000000000,0.00000000000,0.00000000000,0.00000000000,0.00000000000,0.00000000000
118.00000000000,2737.00000000000,180.00000000000,0.00000000000,0.00000000000,87.50000000000,3163.50000000000,0.00000000000,0.00000000000,5.50000000000,0.00000000000,17.50000000000,538.50000000000,1.00000000000,0.00000000000,12.50000000000,7.00000000000,0.00000000000,64.00000000000,1994.00000000000,110.00000000000,104.00000000000,0.00000000000,146.50000000000,1.50000000000,0.50000000000,0.00000000000,1.00000000000,0.00000000000,0.00000000000,0.00000000000,91.00000000000,137.50000000000,0.00000000000,14.50000000000,0.00000000000,76.50000000000,0.00000000000,45.50000000000,0.00000000000,92.00000000000,133.50000000000,2904.00000000000,0.50000000000,119.00000000000,0.00000000000,14.00000000000,1.00000000000,341.50000000000,0.00000000000,2561.50000000000
119.00000000000,88.50000000000,12.00000000000,1.00000000000,0.00000000000,3163.50000000000,64.00000000000,146.50000000000,2865.00000000000,6.00000000000,0.00000000000,187.00000000000,605.00000000000,1.00000000000,0.00000000000,20.00000000000,7.00000000000,0.00000000000,54.00000000000,0.00000000000,0.00000000000,0.00000000000,0.00000000000,0.00000000000,0.00000000000,104.00000000000,2024.50000000000,2.00000000000,0.00000000000,18.50000000000,2.00000000000,2738.00000000000,95.00000000000,25.50000000000,0.00000000000,0.00000000000,0.00000000000,0.00000000000,0.00000000000,0.00000000000,0.00000000000,0.00000000000,0.00000000000,0.00000000000,0.00000000000,0.00000000000,0.00000000000,0.00000000000,0.00000000000,0.00000000000,0.00000000000
120.00000000000,3165.50000000000,124.00000000000,0.00000000000,0.00000000000,82.50000000000,2058.00000000000,0.00000000000,0.00000000000,6.00000000000,0.00000000000,19.00000000000,544.00000000000,1.50000000000,0.00000000000,9.00000000000,6.00000000000,0.50000000000,64.00000000000,2865.00000000000,95.00000000000,146.50000000000,1.00000000000,129.00000000000,0.50000000000,1.00000000000,0.00000000000,0.00000000000,0.00000000000,1.00000000000,0.00000000000,89.50000000000,166.00000000000,0.00000000000,5.50000000000,0.00000000000,84.00000000000,0.00000000000,73.50000000000,0.00000000000,92.50000000000,172.00000000000,2712.50000000000,0.00000000000,154.00000000000,0.00000000000,18.00000000000,0.00000000000,332.50000000000,0.00000000000,2380.00000000000
121.00000000000,82.50000000000,10.00000000000,0.00000000000,0.00000000000,2059.00000000000,63.00000000000,129.00000000000,2679.00000000000,6.00000000000,0.00000000000,130.00000000000,639.50000000000,1.00000000000,0.00000000000,10.50000000000,3.50000000000,0.50000000000,63.00000000000,0.00000000000,0.00000000000,0.00000000000,0.00000000000,0.00000000000,0.00000000000,146.50000000000,2890.00000000000,2.00000000000,0.00000000000,30.00000000000,0.50000000000,3167.00000000000,98.50000000000,29.00000000000,0.00000000000,0.50000000000,0.00000000000,0.00000000000,0.00000000000,0.00000000000,0.00000000000,0.00000000000,0.00000000000,0.00000000000,0.00000000000,0.00000000000,0.00000000000,0.00000000000,0.00000000000,0.00000000000,0.00000000000
122.00000000000,2061.00000000000,155.50000000000,0.00000000000,0.00000000000,93.00000000000,2922.50000000000,0.00000000000,0.00000000000,6.00000000000,0.00000000000,13.50000000000,572.50000000000,0.00000000000,0.00000000000,9.50000000000,6.50000000000,0.00000000000,64.00000000000,2679.00000000000,99.00000000000,132.00000000000,1.50000000000,154.50000000000,1.50000000000,0.00000000000,0.00000000000,0.50000000000,0.00000000000,0.50000000000,0.00000000000,83.50000000000,119.00000000000,0.00000000000,7.50000000000,0.00000000000,76.00000000000,0.00000000000,46.50000000000,0.00000000000,72.50000000000,158.00000000000,3137.50000000000,0.50000000000,144.00000000000,0.00000000000,13.50000000000,1.00000000000,341.00000000000,0.00000000000,2795.50000000000
123.00000000000,93.50000000000,9.00000000000,1.00000000000,0.00000000000,2923.00000000000,63.50000000000,154.50000000000,3081.00000000000,6.50000000000,0.00000000000,162.00000000000,621.00000000000,2.50000000000,0.00000000000,10.50000000000,8.50000000000,0.00000000000,55.50000000000,0.00000000000,0.00000000000,0.00000000000,0.00000000000,0.00000000000,0.00000000000,132.00000000000,2704.50000000000,2.00000000000,0.00000000000,28.50000000000,2.50000000000,2061.00000000000,87.50000000000,14.00000000000,0.00000000000,1.00000000000,0.00000000000,3.00000000000,0.00000000000,0.00000000000,0.00000000000,0.00000000000,0.00000000000,0.00000000000,0.00000000000,0.00000000000,0.00000000000,0.00000000000,0.00000000000,0.00000000000,0.00000000000
124.00000000000,2925.00000000000,143.00000000000,0.00000000000,0.00000000000,92.00000000000,2729.00000000000,0.00000000000,0.00000000000,6.50000000000,0.00000000000,17.50000000000,557.00000000000,1.00000000000,0.00000000000,15.00000000000,10.00000000000,0.00000000000,64.00000000000,3084.00000000000,85.50000000000,160.00000000000,1.50000000000,107.50000000000,1.50000000000,1.00000000000,0.00000000000,0.00000000000,0.00000000000,0.00000000000,0.00000000000,96.00000000000,149.00000000000,0.00000000000,5.00000000000,0.00000000000,91.00000000000,0.00000000000,74.50000000000,0.00000000000,74.50000000000,168.50000000000,2046.00000000000,0.00000000000,154.00000000000,0.00000000000,14.50000000000,1.00000000000,246.00000000000,0.00000000000,1799.00000000000
125.00000000000,92.00000000000,16.00000000000,1.00000000000,0.00000000000,2729.00000000000,64.00000000000,107.50000000000,2023.00000000000,6.50000000000,0.00000000000,153.00000000000,632.00000000000,1.00000000000,0.00000000000,16.00000000000,3.50000000000,0.00000000000,62.50000000000,0.00000000000,0.00000000000,0.00000000000,0.00000000000,0.00000000000,0.00000000000,160.00000000000,3092.50000000000,2.00000000000,0.00000000000,31.00000000000,0.50000000000,2926.00000000000,97.50000000000,32.50000000000,0.00000000000,0.50000000000,0.00000000000,0.50000000000,0.00000000000,0.00000000000,0.00000000000,0.00000000000,0.00000000000,0.00000000000,0.00000000000,0.00000000000,0.00000000000,0.00000000000,0.00000000000,0.00000000000,0.00000000000
126.00000000000,2731.00000000000,174.50000000000,0.00000000000,0.00000000000,95.00000000000,3123.50000000000,0.00000000000,0.00000000000,6.50000000000,0.00000000000,19.50000000000,566.00000000000,1.00000000000,0.00000000000,10.50000000000,6.50000000000,0.00000000000,64.00000000000,2023.50000000000,97.50000000000,108.00000000000,1.00000000000,143.50000000000,2.50000000000,1.00000000000,0.00000000000,0.00000000000,0.00000000000,0.00000000000,0.00000000000,93.00000000000,136.00000000000,0.00000000000,11.50000000000,0.00000000000,81.50000000000,0.00000000000,37.00000000000,0.00000000000,99.00000000000,140.00000000000,2893.00000000000,0.00000000000,127.50000000000,0.00000000000,12.50000000000,2.00000000000,366.00000000000,0.00000000000,2525.00000000000
127.00000000000,95.00000000000,11.50000000000,2.00000000000,0.00000000000,3123.50000000000,64.00000000000,143.50000000000,2843.50000000000,6.50000000000,0.00000000000,181.00000000000,631.50000000000,2.00000000000,0.00000000000,20.50000000000,3.50000000000,0.50000000000,57.00000000000,0.00000000000,0.00000000000,0.00000000000,0.00000000000,0.00000000000,0.00000000000,108.00000000000,2057.00000000000,0.00000000000,0.50000000000,19.00000000000,1.00000000000,2732.00000000000,101.00000000000,24.50000000000,0.00000000000,1.00000000000,0.00000000000,1.00000000000,0.00000000000,0.00000000000,0.00000000000,0.00000000000,0.00000000000,0.00000000000,0.00000000000,0.00000000000,0.00000000000,0.00000000000,0.00000000000,0.00000000000,0.00000000000
128.00000000000,3123.50000000000,129.00000000000,0.00000000000,0.00000000000,83.00000000000,2094.50000000000,0.00000000000,0.00000000000,6.50000000000,0.00000000000,15.00000000000,570.50000000000,1.00000000000,0.00000000000,9.00000000000,5.50000000000,1.00000000000,65.00000000000,2844.50000000000,101.00000000000,146.50000000000,3.00000000000,133.50000000000,2.00000000000,2.00000000000,0.00000000000,0.00000000000,0.00000000000,0.00000000000,0.50000000000,97.00000000000,159.00000000000,0.00000000000,6.50000000000,0.00000000000,90.50000000000,0.00000000000,64.50000000000,0.00000000000,94.50000000000,168.00000000000,2706.50000000000,0.00000000000,148.00000000000,0.00000000000,20.00000000000,0.50000000000,348.00000000000,0.00000000000,2358.00000000000
129.00000000000,83.00000000000,11.50000000000,0.50000000000,0.00000000000,2094.50000000000,64.50000000000,133.50000000000,2674.50000000000,6.50000000000,0.00000000000,134.50000000000,658.00000000000,2.50000000000,0.50000000000,10.00000000000,7.00000000000,0.50000000000,67.50000000000,0.00000000000,0.00000000000,0.00000000000,0.00000000000,0.00000000000,0.00000000000,146.50000000000,2865.00000000000,2.50000000000,0.00000000000,28.00000000000,1.00000000000,3124.50000000000,103.00000000000,32.50000000000,0.00000000000,1.00000000000,0.00000000000,1.00000000000,0.00000000000,0.00000000000,0.00000000000,0.00000000000,0.00000000000,0.00000000000,0.00000000000,0.00000000000,0.00000000000,0.00000000000,0.00000000000,0.00000000000,0.00000000000
130.00000000000,2097.00000000000,155.00000000000,0.00000000000,0.00000000000,92.50000000000,2903.50000000000,0.00000000000,0.00000000000,6.50000000000,0.00000000000,18.50000000000,583.50000000000,1.50000000000,0.00000000000,10.00000000000,6.50000000000,0.50000000000,63.50000000000,2675.50000000000,103.00000000000,131.50000000000,1.00000000000,164.50000000000,0.50000000000,0.50000000000,0.00000000000,0.00000000000,0.00000000000,0.00000000000,0.00000000000,85.50000000000,122.00000000000,0.00000000000,9.00000000000,0.00000000000,76.50000000000,0.00000000000,54.50000000000,0.00000000000,67.50000000000,166.00000000000,3091.00000000000,0.00000000000,151.00000000000,0.00000000000,15.00000000000,1.00000000000,347.00000000000,0.00000000000,2743.00000000000
131.00000000000,92.50000000000,10.50000000000,1.00000000000,0.00000000000,2903.50000000000,63.50000000000,164.50000000000,3029.00000000000,6.50000000000,0.00000000000,161.50000000000,635.00000000000,2.50000000000,0.00000000000,16.00000000000,8.50000000000,0.00000000000,65.00000000000,0.00000000000,0.00000000000,0.00000000000,0.00000000000,0.00000000000,0.00000000000,131.50000000000,2709.50000000000,1.50000000000,0.00000000000,20.50000000000,2.00000000000,2098.50000000000,93.00000000000,18.00000000000,0.00000000000,0.50000000000,0.00000000000,1.00000000000,0.00000000000,0.00000000000,0.00000000000,0.00000000000,0.00000000000,0.00000000000,0.00000000000,0.00000000000,0.00000000000,0.00000000000,0.00000000000,0.00000000000,0.00000000000
132.00000000000,2905.00000000000,148.00000000000,0.00000000000,0.00000000000,84.00000000000,2752.00000000000,0.00000000000,0.00000000000,6.50000000000,0.00000000000,19.00000000000,561.50000000000,1.00000000000,0.00000000000,13.50000000000,4.50000000000,0.50000000000,65.50000000000,3030.00000000000,92.50000000000,141.00000000000,2.00000000000,114.50000000000,0.50000000000,1.00000000000,0.00000000000,0.00000000000,0.00000000000,0.00000000000,0.00000000000,95.00000000000,143.00000000000,0.00000000000,6.50000000000,0.00000000000,88.50000000000,0.00000000000,73.50000000000,0.00000000000,69.50000000000,182.50000000000,2080.00000000000,0.00000000000,163.00000000000,0.00000000000,19.50000000000,1.00000000000,236.00000000000,0.00000000000,1843.00000000000
133.00000000000,84.00000000000,14.50000000000,1.00000000000,0.00000000000,2752.00000000000,65.50000000000,114.50000000000,2058.50000000000,6.50000000000,0.00000000000,152.50000000000,634.00000000000,0.50000000000,0.00000000000,14.50000000000,6.50000000000,0.00000000000,60.00000000000,0.00000000000,0.00000000000,0.00000000000,0.00000000000,0.00000000000,0.00000000000,141.00000000000,3070.00000000000,0.00000000000,0.00000000000,38.50000000000,1.00000000000,2906.00000000000,100.00000000000,25.50000000000,0.00000000000,1.50000000000,0.00000000000,1.50000000000,0.00000000000,0.00000000000,0.00000000000,0.00000000000,0.00000000000,0.00000000000,0.00000000000,0.00000000000,0.00000000000,0.00000000000,0.00000000000,0.00000000000,0.00000000000
134.00000000000,2752.00000000000,156.50000000000,0.00000000000,0.00000000000,104.00000000000,3090.50000000000,0.00000000000,0.00000000000,6.50000000000,0.00000000000,21.00000000000,567.50000000000,0.50000000000,0.00000000000,9.50000000000,7.00000000000,1.00000000000,62.00000000000,2060.00000000000,100.00000000000,114.50000000000,3.00000000000,155.00000000000,2.50000000000,1.00000000000,0.00000000000,0.00000000000,0.00000000000,0.50000000000,0.00000000000,84.50000000000,137.50000000000,0.00000000000,7.00000000000,0.00000000000,77.50000000000,0.00000000000,49.50000000000,0.00000000000,88.00000000000,140.00000000000,2879.00000000000,0.00000000000,128.00000000000,0.00000000000,12.00000000000,0.50000000000,345.00000000000,0.00000000000,2533.50000000000
135.00000000000,104.00000000000,10.50000000000,0.50000000000,0.00000000000,3091.00000000000,61.50000000000,155.00000000000,2824.00000000000,6.50000000000,0.00000000000,163.50000000000,635.00000000000,1.00000000000,0.00000000000,17.50000000000,5.00000000000,0.00000000000,66.00000000000,0.00000000000,0.00000000000,0.00000000000,0.00000000000,0.00000000000,0.00000000000,114.50000000000,2085.00000000000,0.50000000000,0.00000000000,25.00000000000,0.50000000000,2752.50000000000,96.50000000000,27.50000000000,0.00000000000,1.00000000000,0.00000000000,0.50000000000,0.00000000000,0.00000000000,0.00000000000,0.00000000000,0.00000000000,0.00000000000,0.00000000000,0.00000000000,0.00000000000,0.00000000000,0.00000000000,0.00000000000,0.00000000000
136.00000000000,3091.50000000000,132.00000000000,0.00000000000,0.00000000000,86.50000000000,2125.50000000000,0.00000000000,0.00000000000,6.50000000000,0.00000000000,15.50000000000,564.00000000000,0.00000000000,0.00000000000,10.00000000000,10.00000000000,0.50000000000,65.50000000000,2824.50000000000,97.00000000000,132.00000000000,1.50000000000,135.50000000000,3.00000000000,0.50000000000,0.00000000000,0.00000000000,0.00000000000,1.00000000000,0.00000000000,105.00000000000,145.00000000000,0.00000000000,6.00000000000,0.00000000000,99.00000000000,0.00000000000,62.00000000000,0.00000000000,83.00000000000,182.50000000000,2724.00000000000,0.00000000000,161.00000000000,0.00000000000,21.50000000000,2.50000000000,358.50000000000,0.00000000000,2363.00000000000
137.00000000000,86.50000000000,10.50000000000,2.50000000000,0.00000000000,2126.50000000000,64.50000000000,135.50000000000,2681.50000000000,6.50000000000,0.00000000000,142.00000000000,633.00000000000,0.50000000000,0.00000000000,15.50000000000,5.00000000000,0.50000000000,60.00000000000,0.00000000000,0.00000000000,0.00000000000,0.00000000000,0.00000000000,0.00000000000,132.00000000000,2876.50000000000,1.50000000000,0.00000000000,25.50000000000,1.00000000000,3091.50000000000,111.00000000000,29.50000000000,0.00000000000,1.00000000000,0.00000000000,2.00000000000,0.00000000000,0.00000000000,0.00000000000,0.00000000000,0.00000000000,0.00000000000,0.00000000000,0.00000000000,0.00000000000,0.00000000000,0.00000000000,0.00000000000,0.00000000000
138.00000000000,2128.00000000000,147.00000000000,0.00000000000,0.00000000000,90.00000000000,2910.00000000000,0.00000000000,0.00000000000,6.50000000000,0.00000000000,15.50000000000,567.50000000000,0.00000000000,0.00000000000,11.50000000000,6.00000000000,0.00000000000,71.50000000000,2683.50000000000,110.00000000000,139.00000000000,2.50000000000,151.50000000000,1.00000000000,2.50000000000,0.00000000000,0.00000000000,0.00000000000,0.00000000000,0.00000000000,87.00000000000,126.50000000000,0.00000000000,6.00000000000,0.00000000000,81.00000000000,0.00000000000,42.50000000000,0.00000000000,84.00000000000,165.00000000000,3061.00000000000,0.00000000000,147.50000000000,0.00000000000,17.50000000000,1.50000000000,392.00000000000,0.00000000000,2667.50000000000
139.00000000000,90.00000000000,14.00000000000,1.50000000000,0.00000000000,2910.00000000000,71.50000000000,151.50000000000,3019.50000000000,6.50000000000,0.00000000000,153.00000000000,616.50000000000,3.00000000000,0.50000000000,13.50000000000,5.00000000000,1.00000000000,64.00000000000,0.00000000000,0.00000000000,0.00000000000,0.00000000000,0.00000000000,0.00000000000,139.00000000000,2708.00000000000,1.00000000000,0.00000000000,23.00000000000,1.00000000000,2128.00000000000,91.00000000000,25.00000000000,0.00000000000,0.00000000000,0.00000000000,2.00000000000,0.00000000000,0.00000000000,0.00000000000,0.00000000000,0.00000000000,0.00000000000,0.00000000000,0.00000000000,0.00000000000,0.00000000000,0.00000000000,0.00000000000,0.00000000000
140.00000000000,2911.00000000000,152.50000000000,0.00000000000,0.00000000000,94.50000000000,2748.00000000000,0.00000000000,0.00000000000,6.50000000000,0.00000000000,19.00000000000,547.00000000000,0.50000000000,0.00000000000,15.50000000000,6.50000000000,0.00000000000,56.00000000000,3021.50000000000,89.00000000000,161.00000000000,2.00000000000,95.50000000000,2.50000000000,1.50000000000,0.00000000000,0.00000000000,0.00000000000,0.50000000000,0.00000000000,93.00000000000,137.00000000000,0.00000000000,6.50000000000,0.00000000000,86.50000000000,0.00000000000,75.00000000000,0.00000000000,62.00000000000,176.50000000000,2103.00000000000,0.00000000000,156.00000000000,0.00000000000,20.50000000000,0.50000000000,289.50000000000,0.00000000000,1813.00000000000
141.00000000000,94.50000000000,17.00000000000,0.50000000000,0.00000000000,2748.50000000000,55.50000000000,95.50000000000,2095.50000000000,6.50000000000,0.00000000000,159.00000000000,621.50000000000,0.50000000000,0.00000000000,18.50000000000,4.50000000000,1.00000000000,73.00000000000,0.00000000000,0.00000000000,0.00000000000,0.00000000000,0.00000000000,0.00000000000,161.00000000000,3037.50000000000,0.50000000000,0.00000000000,32.50000000000,0.00000000000,2911.50000000000,96.00000000000,22.50000000000,0.00000000000,0.50000000000,0.00000000000,0.00000000000,0.00000000000,0.00000000000,0.00000000000,0.00000000000,0.00000000000,0.00000000000,0.00000000000,0.00000000000,0.00000000000,0.00000000000,0.00000000000,0.00000000000,0.00000000000
142.00000000000,2749.00000000000,179.00000000000,0.00000000000,0.00000000000,88.00000000000,3078.00000000000,0.00000000000,0.00000000000,6.50000000000,0.00000000000,21.50000000000,543.00000000000,0.00000000000,0.00000000000,8.50000000000,3.00000000000,0.50000000000,71.00000000000,2095.50000000000,96.50000000000,94.50000000000,1.50000000000,141.00000000000,2.00000000000,0.50000000000,0.00000000000,0.00000000000,0.00000000000,0.00000000000,0.00000000000,95.00000000000,141.00000000000,0.00000000000,13.50000000000,0.00000000000,81.50000000000,0.00000000000,52.50000000000,0.00000000000,88.50000000000,118.00000000000,2888.50000000000,0.50000000000,101.00000000000,0.00000000000,16.50000000000,1.00000000000,382.00000000000,0.00000000000,2505.50000000000
143.00000000000,88.00000000000,9.00000000000,1.00000000000,0.00000000000,3078.00000000000,71.00000000000,141.00000000000,2842.50000000000,7.00000000000,0.00000000000,182.00000000000,609.50000000000,2.50000000000,0.00000000000,18.50000000000,5.00000000000,1.00000000000,64.00000000000,0.00000000000,0.00000000000,0.00000000000,0.00000000000,0.00000000000,0.00000000000,94.50000000000,2119.00000000000,1.00000000000,0.00000000000,22.50000000000,1.00000000000,2749.00000000000,108.50000000000,27.50000000000,0.00000000000,2.50000000000,0.00000000000,0.50000000000,0.00000000000,0.00000000000,0.00000000000,0.00000000000,0.00000000000,0.00000000000,0.00000000000,0.00000000000,0.00000000000,0.00000000000,0.00000000000,0.00000000000,0.00000000000
144.00000000000,3079.00000000000,113.00000000000,0.00000000000,0.00000000000,93.50000000000,2159.50000000000,0.00000000000,0.00000000000,7.00000000000,0.00000000000,14.00000000000,539.50000000000,1.50000000000,0.00000000000,12.50000000000,7.50000000000,0.00000000000,62.00000000000,2843.00000000000,110.50000000000,133.00000000000,1.00000000000,138.00000000000,1.00000000000,1.00000000000,0.00000000000,0.00000000000,0.00000000000,0.00000000000,0.00000000000,90.50000000000,162.00000000000,0.00000000000,8.00000000000,0.00000000000,82.50000000000,0.00000000000,67.50000000000,0.00000000000,94.50000000000,168.50000000000,2719.00000000000,0.00000000000,154.00000000000,0.00000000000,14.50000000000,1.00000000000,323.00000000000,0.00000000000,2395.00000000000
145.00000000000,93.50000000000,13.50000000000,1.00000000000,0.00000000000,2159.50000000000,62.00000000000,138.00000000000,2690.50000000000,7.00000000000,0.00000000000,120.50000000000,632.00000000000,3.00000000000,0.00000000000,10.00000000000,7.50000000000,0.00000000000,55.50000000000,0.00000000000,0.00000000000,0.00000000000,0.00000000000,0.00000000000,0.00000000000,133.00000000000,2878.50000000000,2.00000000000,0.00000000000,28.50000000000,0.00000000000,3080.50000000000,90.50000000000,24.00000000000,0.00000000000,1.00000000000,0.00000000000,1.00000000000,0.00000000000,0.00000000000,0.00000000000,0.00000000000,0.00000000000,0.00000000000,0.00000000000,0.00000000000,0.00000000000,0.00000000000,0.00000000000,0.00000000000,0.00000000000
146.00000000000,2161.50000000000,141.00000000000,0.00000000000,0.00000000000,90.50000000000,2905.50000000000,0.00000000000,0.00000000000,7.00000000000,0.00000000000,21.00000000000,569.00000000000,0.00000000000,0.00000000000,8.50000000000,8.00000000000,0.00000000000,66.50000000000,2691.50000000000,90.50000000000,145.50000000000,2.50000000000,159.00000000000,1.00000000000,1.00000000000,0.00000000000,0.00000000000,0.00000000000,0.50000000000,0.00000000000,96.50000000000,107.50000000000,0.00000000000,8.00000000000,0.00000000000,88.50000000000,0.00000000000,39.00000000000,0.00000000000,68.50000000000,162.00000000000,3055.50000000000,0.00000000000,146.50000000000,0.00000000000,15.50000000000,1.00000000000,445.50000000000,0.00000000000,2609.00000000000
147.00000000000,90.50000000000,9.50000000000,1.00000000000,0.00000000000,2906.00000000000,66.00000000000,159.00000000000,2987.50000000000,7.00000000000,0.00000000000,149.00000000000,602.00000000000,0.00000000000,0.00000000000,13.00000000000,6.50000000000,0.00000000000,56.50000000000,0.00000000000,0.00000000000,0.00000000000,0.00000000000,0.00000000000,0.00000000000,145.50000000000,2706.50000000000,1.50000000000,0.00000000000,26.50000000000,1.50000000000,2161.50000000000,109.00000000000,19.50000000000,0.00000000000,0.50000000000,0.00000000000,1.50000000000,0.00000000000,0.00000000000,0.00000000000,0.00000000000,0.00000000000,0.00000000000,0.00000000000,0.00000000000,0.00000000000,0.00000000000,0.00000000000,0.00000000000,0.00000000000
148.00000000000,2907.50000000000,158.50000000000,0.00000000000,0.00000000000,92.50000000000,2735.00000000000,0.00000000000,0.00000000000,7.00000000000,0.00000000000,16.00000000000,539.00000000000,1.50000000000,0.00000000000,11.00000000000,4.50000000000,0.00000000000,65.50000000000,2989.00000000000,108.00000000000,151.50000000000,2.50000000000,124.00000000000,2.00000000000,1.00000000000,0.00000000000,0.00000000000,0.00000000000,0.50000000000,0.00000000000,90.50000000000,136.00000000000,0.00000000000,3.50000000000,0.00000000000,87.00000000000,0.00000000000,63.00000000000,0.00000000000,73.00000000000,178.50000000000,2141.50000000000,0.00000000000,160.00000000000,0.00000000000,18.50000000000,2.00000000000,290.00000000000,0.00000000000,1849.50000000000
149.00000000000,92.50000000000,12.00000000000,2.00000000000,0.00000000000,2735.50000000000,65.00000000000,124.00000000000,2124.00000000000,7.00000000000,0.00000000000,163.00000000000,605.00000000000,2.00000000000,0.00000000000,15.00000000000,5.50000000000,0.00000000000,48.50000000000,0.00000000000,0.00000000000,0.00000000000,0.00000000000,0.00000000000,0.00000000000,151.50000000000,3015.50000000000,2.50000000000,0.00000000000,33.50000000000,0.00000000000,2909.00000000000,94.00000000000,31.50000000000,0.00000000000,1.00000000000,0.00000000000,1.00000000000,0.00000000000,0.00000000000,0.00000000000,0.00000000000,0.00000000000,0.00000000000,0.00000000000,0.00000000000,0.00000000000,0.00000000000,0.00000000000,0.00000000000,0.00000000000
150.00000000000,2738.00000000000,164.00000000000,0.00000000000,0.00000000000,98.50000000000,3030.50000000000,0.00000000000,0.00000000000,7.00000000000,0.00000000000,17.50000000000,551.00000000000,2.50000000000,0.00000000000,14.50000000000,7.00000000000,1.00000000000,52.50000000000,2125.00000000000,94.00000000000,113.00000000000,0.00000000000,154.00000000000,2.00000000000,2.00000000000,0.00000000000,0.00000000000,0.00000000000,0.50000000000,0.00000000000,94.50000000000,146.00000000000,0.00000000000,11.50000000000,0.00000000000,83.00000000000,0.00000000000,51.00000000000,0.00000000000,95.00000000000,155.50000000000,2876.50000000000,0.50000000000,139.50000000000,0.00000000000,15.50000000000,2.00000000000,354.50000000000,0.00000000000,2520.00000000000
151.00000000000,98.50000000000,16.50000000000,2.00000000000,0.00000000000,3031.00000000000,52.00000000000,154.00000000000,2812.50000000000,7.50000000000,0.00000000000,171.00000000000,636.50000000000,3.50000000000,0.00000000000,19.50000000000,7.50000000000,0.00000000000,62.50000000000,0.00000000000,0.00000000000,0.00000000000,0.00000000000,0.00000000000,0.00000000000,113.00000000000,2169.00000000000,1.00000000000,0.00000000000,24.50000000000,0.00000000000,2740.50000000000,96.00000000000,27.50000000000,0.00000000000,1.00000000000,0.00000000000,0.00000000000,0.00000000000,0.50000000000,0.00000000000,0.00000000000,0.00000000000,0.00000000000,0.00000000000,0.00000000000,0.00000000000,0.00000000000,0.00000000000,0.00000000000,0.00000000000
152.00000000000,3032.00000000000,131.50000000000,0.00000000000,0.00000000000,76.50000000000,2207.00000000000,0.00000000000,0.00000000000,7.50000000000,0.00000000000,24.00000000000,566.50000000000,2.00000000000,0.00000000000,11.50000000000,7.50000000000,0.50000000000,62.00000000000,2812.50000000000,96.50000000000,144.00000000000,1.00000000000,149.00000000000,1.50000000000,2.00000000000,0.00000000000,0.00000000000,0.00000000000,0.00000000000,0.00000000000,102.00000000000,148.00000000000,0.00000000000,7.00000000000,0.00000000000,95.00000000000,0.00000000000,60.50000000000,0.00000000000,87.50000000000,181.50000000000,2712.50000000000,0.00000000000,163.00000000000,0.00000000000,18.50000000000,2.00000000000,377.50000000000,0.00000000000,2333.00000000000
153.00000000000,76.50000000000,13.50000000000,2.00000000000,0.00000000000,2207.00000000000,62.00000000000,149.00000000000,2657.50000000000,7.50000000000,0.00000000000,139.00000000000,644.50000000000,1.00000000000,0.00000000000,12.00000000000,8.00000000000,0.50000000000,57.00000000000,0.00000000000,0.00000000000,0.00000000000,0.00000000000,0.00000000000,0.00000000000,144.00000000000,2850.50000000000,1.00000000000,0.00000000000,24.50000000000,3.00000000000,3034.00000000000,113.00000000000,25.50000000000,0.00000000000,0.50000000000,0.00000000000,1.50000000000,0.00000000000,0.50000000000,0.00000000000,0.00000000000,0.00000000000,0.00000000000,0.00000000000,0.00000000000,0.00000000000,0.00000000000,0.00000000000,0.00000000000,0.00000000000
154.00000000000,2208.00000000000,158.00000000000,0.00000000000,0.00000000000,86.50000000000,2880.00000000000,0.00000000000,0.00000000000,7.50000000000,0.00000000000,21.50000000000,579.00000000000,1.00000000000,0.00000000000,11.50000000000,7.50000000000,1.00000000000,67.00000000000,2659.00000000000,111.50000000000,137.50000000000,1.50000000000,145.50000000000,2.50000000000,2.00000000000,0.00000000000,0.00000000000,0.00000000000,0.00000000000,0.00000000000,77.50000000000,126.50000000000,0.00000000000,8.50000000000,0.00000000000,69.00000000000,0.00000000000,50.50000000000,0.00000000000,76.00000000000,174.50000000000,3008.50000000000,0.00000000000,159.00000000000,0.00000000000,15.50000000000,1.00000000000,345.00000000000,0.00000000000,2662.50000000000
155.00000000000,86.50000000000,13.50000000000,1.00000000000,0.00000000000,2880.00000000000,67.00000000000,145.50000000000,2972.50000000000,7.50000000000,0.00000000000,165.50000000000,630.00000000000,0.50000000000,0.00000000000,14.50000000000,8.00000000000,0.00000000000,54.50000000000,0.00000000000,0.00000000000,0.00000000000,0.00000000000,0.00000000000,0.00000000000,137.50000000000,2697.00000000000,0.00000000000,0.00000000000,25.00000000000,3.00000000000,2209.00000000000,87.50000000000,22.00000000000,0.00000000000,0.50000000000,0.00000000000,0.00000000000,0.00000000000,0.00000000000,0.00000000000,0.00000000000,0.00000000000,0.00000000000,0.00000000000,0.00000000000,0.00000000000,0.00000000000,0.00000000000,0.00000000000,0.00000000000
156.00000000000,2880.00000000000,155.00000000000,0.00000000000,0.00000000000,92.00000000000,2723.50000000000,0.00000000000,0.00000000000,7.50000000000,0.00000000000,21.50000000000,567.50000000000,0.00000000000,0.00000000000,15.00000000000,5.50000000000,0.00000000000,64.00000000000,2972.50000000000,88.00000000000,168.50000000000,5.00000000000,113.50000000000,0.50000000000,1.00000000000,0.00000000000,0.00000000000,0.00000000000,0.00000000000,0.00000000000,87.00000000000,150.50000000000,0.00000000000,6.00000000000,0.00000000000,81.00000000000,0.00000000000,75.00000000000,0.00000000000,75.50000000000,167.50000000000,2186.50000000000,0.00000000000,148.00000000000,0.00000000000,19.50000000000,0.00000000000,275.50000000000,0.00000000000,1911.00000000000
157.00000000000,92.00000000000,16.00000000000,0.00000000000,0.00000000000,2723.50000000000,64.00000000000,113.50000000000,2165.50000000000,7.50000000000,0.00000000000,160.50000000000,648.50000000000,1.50000000000,0.00000000000,16.50000000000,5.00000000000,0.00000000000,55.00000000000,0.00000000000,0.00000000000,0.00000000000,0.00000000000,0.00000000000,0.00000000000,168.50000000000,2967.00000000000,3.00000000000,0.00000000000,29.50000000000,1.00000000000,2880.00000000000,93.50000000000,27.50000000000,0.00000000000,2.50000000000,0.00000000000,2.00000000000,0.00000000000,0.00000000000,0.00000000000,0.00000000000,0.00000000000,0.00000000000,0.00000000000,0.00000000000,0.00000000000,0.00000000000,0.00000000000,0.00000000000,0.00000000000
158.00000000000,2726.50000000000,183.00000000000,0.00000000000,0.00000000000,93.50000000000,2991.50000000000,0.00000000000,0.00000000000,7.50000000000,0.00000000000,21.00000000000,588.50000000000,2.00000000000,0.00000000000,12.50000000000,5.50000000000,0.00000000000,69.00000000000,2167.50000000000,94.00000000000,115.50000000000,3.00000000000,135.00000000000,2.50000000000,0.00000000000,0.00000000000,0.00000000000,0.00000000000,0.00000000000,0.00000000000,93.50000000000,142.50000000000,0.00000000000,8.00000000000,0.00000000000,85.50000000000,0.00000000000,55.50000000000,0.00000000000,87.00000000000,141.00000000000,2850.00000000000,0.00000000000,132.50000000000,0.00000000000,8.50000000000,2.00000000000,351.50000000000,0.00000000000,2496.50000000000
159.00000000000,93.50000000000,12.50000000000,2.00000000000,0.00000000000,2991.50000000000,69.00000000000,135.00000000000,2807.50000000000,7.50000000000,0.00000000000,188.50000000000,656.50000000000,2.00000000000,0.50000000000,18.50000000000,5.00000000000,0.00000000000,57.50000000000,0.00000000000,0.00000000000,0.00000000000,0.00000000000,0.00000000000,0.00000000000,115.50000000000,2192.50000000000,1.00000000000,0.00000000000,24.50000000000,1.00000000000,2728.50000000000,100.00000000000,26.50000000000,0.00000000000,1.00000000000,0.00000000000,0.50000000000,0.00000000000,0.00000000000,0.00000000000,0.00000000000,0.00000000000,0.00000000000,0.00000000000,0.00000000000,0.00000000000,0.00000000000,0.00000000000,0.00000000000,0.00000000000
160.00000000000,2992.50000000000,134.00000000000,0.00000000000,0.00000000000,93.50000000000,2224.50000000000,0.00000000000,0.00000000000,7.50000000000,0.00000000000,17.50000000000,594.50000000000,1.00000000000,0.00000000000,8.50000000000,6.50000000000,0.50000000000,74.00000000000,2808.00000000000,100.50000000000,142.00000000000,2.00000000000,135.50000000000,1.50000000000,2.00000000000,0.00000000000,0.00000000000,0.00000000000,0.50000000000,0.00000000000,95.50000000000,167.50000000000,0.00000000000,7.00000000000,0.00000000000,88.50000000000,0.00000000000,79.00000000000,0.00000000000,88.50000000000,161.50000000000,2701.00000000000,0.00000000000,144.00000000000,0.00000000000,18.00000000000,0.00000000000,337.00000000000,0.50000000000,2363.50000000000
161.00000000000,93.50000000000,10.50000000000,0.00000000000,0.00000000000,2225.00000000000,73.50000000000,135.50000000000,2666.00000000000,7.50000000000,0.00000000000,140.50000000000,681.00000000000,0.50000000000,0.00000000000,14.00000000000,7.00000000000,1.00000000000,67.00000000000,0.00000000000,0.00000000000,0.00000000000,0.00000000000,0.00000000000,0.00000000000,142.00000000000,2827.50000000000,0.50000000000,0.00000000000,26.50000000000,0.50000000000,2993.50000000000,104.00000000000,35.50000000000,0.00000000000,0.50000000000,0.00000000000,1.00000000000,0.00000000000,0.00000000000,0.00000000000,0.00000000000,0.00000000000,0.00000000000,0.00000000000,0.00000000000,0.00000000000,0.00000000000,0.00000000000,0.00000000000,0.00000000000
162.00000000000,2225.50000000000,156.00000000000,0.00000000000,0.00000000000,100.00000000000,2867.50000000000,0.00000000000,0.00000000000,7.50000000000,0.00000000000,17.50000000000,606.00000000000,1.50000000000,0.00000000000,10.00000000000,5.50000000000,0.50000000000,69.00000000000,2667.00000000000,103.50000000000,139.50000000000,3.00000000000,159.00000000000,1.50000000000,0.00000000000,0.00000000000,0.00000000000,0.00000000000,1.00000000000,0.00000000000,94.00000000000,127.00000000000,0.00000000000,7.50000000000,0.00000000000,86.50000000000,0.00000000000,50.50000000000,0.00000000000,76.50000000000,171.00000000000,2957.50000000000,0.00000000000,152.50000000000,0.00000000000,19.00000000000,0.50000000000,339.50000000000,0.50000000000,2617.00000000000
163.00000000000,100.00000000000,10.00000000000,0.50000000000,0.00000000000,2868.50000000000,68.00000000000,159.00000000000,2902.50000000000,7.50000000000,0.00000000000,161.50000000000,658.00000000000,1.00000000000,0.00000000000,15.00000000000,6.00000000000,0.00000000000,69.50000000000,0.00000000000,0.00000000000,0.00000000000,0.00000000000,0.00000000000,0.00000000000,139.50000000000,2697.50000000000,1.00000000000,0.00000000000,29.50000000000,1.00000000000,2227.00000000000,100.50000000000,24.50000000000,0.00000000000,1.50000000000,0.00000000000,0.50000000000,0.00000000000,0.00000000000,0.00000000000,0.00000000000,0.00000000000,0.00000000000,0.00000000000,0.00000000000,0.00000000000,0.00000000000,0.00000000000,0.00000000000,0.00000000000
164.00000000000,2869.50000000000,154.50000000000,0.00000000000,0.00000000000,97.50000000000,2736.50000000000,0.00000000000,0.00000000000,7.50000000000,0.00000000000,16.00000000000,582.50000000000,2.00000000000,0.00000000000,9.00000000000,7.50000000000,0.50000000000,67.50000000000,2903.00000000000,101.50000000000,155.50000000000,1.00000000000,105.00000000000,2.00000000000,0.50000000000,0.00000000000,0.00000000000,0.00000000000,0.00000000000,0.00000000000,101.00000000000,145.50000000000,0.00000000000,5.50000000000,0.00000000000,95.50000000000,0.00000000000,64.00000000000,0.00000000000,81.50000000000,183.50000000000,2201.00000000000,1.00000000000,166.50000000000,0.00000000000,16.00000000000,0.50000000000,297.00000000000,0.00000000000,1903.50000000000
165.00000000000,97.50000000000,9.50000000000,0.50000000000,0.00000000000,2736.50000000000,67.50000000000,105.00000000000,2196.00000000000,8.50000000000,0.00000000000,162.00000000000,652.50000000000,1.00000000000,0.00000000000,18.50000000000,6.00000000000,0.00000000000,64.00000000000,0.00000000000,0.00000000000,0.00000000000,0.00000000000,0.00000000000,0.00000000000,155.50000000000,2931.00000000000,1.50000000000,0.00000000000,33.50000000000,1.50000000000,2871.50000000000,106.50000000000,22.50000000000,0.00000000000,1.00000000000,0.00000000000,1.50000000000,0.00000000000,0.00000000000,0.00000000000,0.00000000000,0.00000000000,0.00000000000,0.00000000000,0.00000000000,0.00000000000,0.00000000000,0.00000000000,0.00000000000,0.00000000000
166.00000000000,2738.00000000000,174.00000000000,0.00000000000,0.00000000000,101.00000000000,2960.00000000000,0.00000000000,0.00000000000,8.50000000000,0.00000000000,15.50000000000,582.50000000000,2.50000000000,0.00000000000,9.50000000000,6.00000000000,0.00000000000,75.00000000000,2197.50000000000,106.00000000000,102.50000000000,2.00000000000,161.50000000000,1.00000000000,0.50000000000,0.00000000000,0.00000000000,0.00000000000,0.50000000000,0.00000000000,98.50000000000,142.50000000000,0.00000000000,7.50000000000,0.00000000000,91.00000000000,0.00000000000,54.00000000000,0.00000000000,88.50000000000,127.50000000000,2848.00000000000,0.00000000000,119.00000000000,0.00000000000,8.50000000000,1.00000000000,328.00000000000,0.00000000000,2519.00000000000
167.00000000000,101.00000000000,10.00000000000,1.00000000000,0.00000000000,2960.50000000000,74.50000000000,161.50000000000,2792.50000000000,8.50000000000,0.00000000000,180.00000000000,644.00000000000,1.00000000000,0.00000000000,20.50000000000,7.00000000000,1.00000000000,64.00000000000,0.00000000000,0.00000000000,0.00000000000,0.00000000000,0.00000000000,0.00000000000,102.50000000000,2221.50000000000,1.00000000000,0.00000000000,16.50000000000,0.50000000000,2740.50000000000,102.00000000000,24.50000000000,0.00000000000,1.00000000000,0.00000000000,2.50000000000,0.00000000000,0.00000000000,0.00000000000,0.00000000000,0.00000000000,0.00000000000,0.00000000000,0.00000000000,0.00000000000,0.00000000000,0.00000000000,0.00000000000,0.00000000000
168.00000000000,2961.50000000000,122.50000000000,0.00000000000,0.00000000000,91.00000000000,2268.50000000000,0.00000000000,0.00000000000,8.50000000000,0.00000000000,17.00000000000,572.00000000000,0.50000000000,0.00000000000,9.00000000000,4.00000000000,0.50000000000,73.00000000000,2795.00000000000,100.50000000000,149.50000000000,1.50000000000,146.00000000000,1.00000000000,1.00000000000,0.00000000000,0.00000000000,0.00000000000,1.00000000000,0.00000000000,102.00000000000,159.50000000000,0.00000000000,10.50000000000,0.00000000000,91.50000000000,0.00000000000,59.50000000000,0.00000000000,100.00000000000,186.00000000000,2715.00000000000,0.00000000000,169.00000000000,0.00000000000,17.00000000000,1.50000000000,353.50000000000,0.00000000000,2360.00000000000
169.00000000000,91.00000000000,10.00000000000,1.50000000000,0.00000000000,2269.50000000000,72.00000000000,146.00000000000,2668.50000000000,8.50000000000,0.00000000000,126.50000000000,654.00000000000,0.50000000000,0.00000000000,14.00000000000,7.00000000000,0.00000000000,74.50000000000,0.00000000000,0.00000000000,0.00000000000,0.00000000000,0.00000000000,0.00000000000,149.50000000000,2831.00000000000,4.00000000000,0.00000000000,26.50000000000,1.00000000000,2962.00000000000,110.00000000000,33.00000000000,0.00000000000,1.00000000000,0.00000000000,1.50000000000,0.00000000000,0.00000000000,0.00000000000,0.00000000000,0.00000000000,0.00000000000,0.00000000000,0.00000000000,0.00000000000,0.00000000000,0.00000000000,0.00000000000,0.00000000000
170.00000000000,2273.50000000000,160.50000000000,0.00000000000,0.00000000000,98.50000000000,2878.00000000000,0.00000000000,0.00000000000,8.50000000000,0.00000000000,17.00000000000,572.50000000000,1.00000000000,0.00000000000,8.50000000000,4.00000000000,0.00000000000,62.50000000000,2670.00000000000,109.50000000000,133.00000000000,2.00000000000,131.50000000000,3.50000000000,1.50000000000,0.00000000000,0.00000000000,0.00000000000,0.00000000000,0.00000000000,91.50000000000,112.00000000000,0.00000000000,13.00000000000,0.00000000000,78.50000000000,0.00000000000,40.50000000000,0.00000000000,71.50000000000,179.00000000000,2928.00000000000,0.00000000000,163.00000000000,0.00000000000,16.00000000000,1.00000000000,360.00000000000,0.00000000000,2567.00000000000
171.00000000000,98.50000000000,10.00000000000,1.00000000000,0.00000000000,2878.00000000000,62.50000000000,131.50000000000,2903.50000000000,8.50000000000,0.00000000000,164.50000000000,618.00000000000,2.50000000000,0.00000000000,17.00000000000,6.00000000000,0.00000000000,62.00000000000,0.00000000000,0.00000000000,0.00000000000,0.00000000000,0.00000000000,0.00000000000,133.00000000000,2717.50000000000,1.50000000000,0.00000000000,25.00000000000,1.00000000000,2274.50000000000,99.00000000000,21.00000000000,0.00000000000,0.00000000000,0.00000000000,1.50000000000,0.00000000000,0.00000000000,0.00000000000,0.00000000000,0.00000000000,0.00000000000,0.00000000000,0.00000000000,0.00000000000,0.00000000000,0.00000000000,0.00000000000,0.00000000000
172.00000000000,2879.50000000000,149.50000000000,0.00000000000,0.00000000000,87.50000000000,2753.50000000000,0.00000000000,0.00000000000,8.50000000000,0.00000000000,16.00000000000,550.00000000000,0.50000000000,0.00000000000,10.00000000000,5.50000000000,0.00000000000,63.00000000000,2905.00000000000,97.50000000000,160.00000000000,4.00000000000,99.00000000000,0.50000000000,1.00000000000,0.00000000000,0.00000000000,0.00000000000,0.00000000000,0.00000000000,101.00000000000,145.00000000000,0.00000000000,5.50000000000,0.00000000000,95.50000000000,0.00000000000,76.00000000000,0.00000000000,69.00000000000,152.50000000000,2253.50000000000,0.00000000000,130.00000000000,0.00000000000,22.50000000000,0.00000000000,321.00000000000,0.00000000000,1932.50000000000
173.00000000000,87.50000000000,11.00000000000,0.00000000000,0.00000000000,2753.50000000000,63.00000000000,99.00000000000,2255.50000000000,8.50000000000,0.00000000000,155.00000000000,626.50000000000,2.00000000000,0.00000000000,17.50000000000,8.50000000000,0.00000000000,56.00000000000,0.00000000000,0.00000000000,0.00000000000,0.00000000000,0.00000000000,0.00000000000,160.00000000000,2894.00000000000,1.00000000000,0.00000000000,33.00000000000,1.00000000000,2880.00000000000,106.50000000000,33.50000000000,0.00000000000,1.00000000000,0.00000000000,0.50000000000,0.00000000000,0.00000000000,0.00000000000,0.00000000000,0.00000000000,0.00000000000,0.00000000000,0.00000000000,0.00000000000,0.00000000000,0.00000000000,0.00000000000,0.00000000000
174.00000000000,2754.50000000000,177.50000000000,0.00000000000,0.00000000000,96.00000000000,2916.00000000000,0.00000000000,0.00000000000,8.50000000000,0.00000000000,19.50000000000,562.00000000000,0.50000000000,0.00000000000,12.50000000000,6.50000000000,0.00000000000,65.00000000000,2256.00000000000,107.00000000000,129.50000000000,1.50000000000,148.00000000000,0.50000000000,0.00000000000,0.00000000000,0.50000000000,0.00000000000,0.50000000000,0.00000000000,89.50000000000,135.50000000000,0.00000000000,6.50000000000,0.00000000000,83.00000000000,0.00000000000,63.50000000000,0.00000000000,72.00000000000,132.50000000000,2845.50000000000,0.00000000000,116.00000000000,0.00000000000,16.50000000000,1.00000000000,394.00000000000,0.00000000000,2450.50000000000
175.00000000000,96.50000000000,12.00000000000,1.00000000000,0.00000000000,2916.50000000000,64.50000000000,148.00000000000,2804.50000000000,8.50000000000,0.00000000000,184.00000000000,626.00000000000,1.50000000000,0.00000000000,17.00000000000,6.00000000000,0.00000000000,61.50000000000,0.00000000000,0.00000000000,0.00000000000,0.00000000000,0.00000000000,0.00000000000,129.50000000000,2258.00000000000,0.00000000000,0.00000000000,20.50000000000,1.00000000000,2755.00000000000,96.00000000000,23.00000000000,0.00000000000,0.00000000000,0.00000000000,0.50000000000,0.00000000000,0.00000000000,0.00000000000,0.00000000000,0.00000000000,0.00000000000,0.00000000000,0.00000000000,0.00000000000,0.00000000000,0.00000000000,0.00000000000,0.00000000000
176.00000000000,2916.50000000000,147.50000000000,0.00000000000,0.00000000000,85.00000000000,2298.00000000000,0.00000000000,0.00000000000,8.50000000000,0.00000000000,18.00000000000,558.50000000000,1.50000000000,0.00000000000,8.50000000000,6.50000000000,0.00000000000,64.00000000000,2805.00000000000,95.50000000000,162.50000000000,1.50000000000,146.50000000000,2.00000000000,1.00000000000,0.00000000000,0.00000000000,0.00000000000,0.50000000000,0.00000000000,98.00000000000,165.50000000000,0.00000000000,8.50000000000,0.00000000000,89.50000000000,0.00000000000,96.50000000000,0.00000000000,69.00000000000,171.00000000000,2732.00000000000,0.00000000000,151.00000000000,0.00000000000,20.00000000000,1.50000000000,369.50000000000,0.00000000000,2361.00000000000
177.00000000000,85.00000000000,9.50000000000,1.50000000000,0.00000000000,2298.50000000000,63.50000000000,146.50000000000,2679.00000000000,8.50000000000,0.00000000000,154.00000000000,653.50000000000,1.50000000000,0.00000000000,15.00000000000,8.50000000000,0.00000000000,76.00000000000,0.00000000000,0.00000000000,0.00000000000,0.00000000000,0.00000000000,0.00000000000,162.50000000000,2814.00000000000,1.50000000000,0.50000000000,24.50000000000,1.00000000000,2918.00000000000,106.00000000000,32.50000000000,0.00000000000,0.50000000000,0.00000000000,0.50000000000,0.00000000000,0.00000000000,0.00000000000,0.00000000000,0.00000000000,0.00000000000,0.00000000000,0.00000000000,0.00000000000,0.00000000000,0.00000000000,0.00000000000,0.00000000000
178.00000000000,2300.00000000000,176.50000000000,0.00000000000,0.00000000000,88.00000000000,2865.00000000000,0.00000000000,0.00000000000,8.50000000000,0.00000000000,18.00000000000,569.00000000000,2.00000000000,0.00000000000,14.50000000000,8.00000000000,0.00000000000,71.00000000000,2679.50000000000,106.00000000000,143.00000000000,1.50000000000,152.00000000000,2.00000000000,1.50000000000,0.00000000000,0.50000000000,0.00000000000,0.00000000000,0.00000000000,86.50000000000,137.50000000000,0.00000000000,6.50000000000,0.00000000000,80.00000000000,0.00000000000,81.00000000000,0.00000000000,56.50000000000,179.00000000000,2885.00000000000,0.00000000000,159.50000000000,0.00000000000,20.50000000000,0.50000000000,345.50000000000,1.00000000000,2538.00000000000
179.00000000000,88.50000000000,15.50000000000,0.50000000000,0.00000000000,2865.00000000000,71.00000000000,152.00000000000,2837.00000000000,8.50000000000,0.00000000000,184.50000000000,627.50000000000,3.00000000000,0.00000000000,23.00000000000,8.50000000000,0.00000000000,50.00000000000,0.00000000000,0.00000000000,0.00000000000,0.00000000000,0.00000000000,0.00000000000,143.00000000000,2717.00000000000,2.00000000000,0.00000000000,26.50000000000,1.00000000000,2302.00000000000,88.00000000000,25.00000000000,0.00000000000,0.00000000000,0.00000000000,1.00000000000,0.00000000000,0.00000000000,0.00000000000,0.00000000000,0.00000000000,0.00000000000,0.00000000000,0.00000000000,0.00000000000,0.00000000000,0.00000000000,0.00000000000,0.00000000000
180.00000000000,2867.00000000000,165.00000000000,0.00000000000,0.00000000000,97.50000000000,2739.50000000000,0.00000000000,0.00000000000,8.50000000000,0.00000000000,24.00000000000,569.00000000000,0.50000000000,0.00000000000,8.50000000000,6.00000000000,0.00000000000,67.50000000000,2838.00000000000,87.00000000000,156.50000000000,1.00000000000,122.50000000000,2.50000000000,0.50000000000,0.00000000000,0.00000000000,0.00000000000,0.50000000000,0.00000000000,91.50000000000,158.50000000000,0.00000000000,5.50000000000,0.00000000000,86.00000000000,0.00000000000,105.50000000000,0.00000000000,53.00000000000,177.00000000000,2277.00000000000,0.00000000000,158.50000000000,0.00000000000,18.50000000000,0.50000000000,300.00000000000,0.00000000000,1976.50000000000
181.00000000000,97.50000000000,9.00000000000,0.50000000000,0.00000000000,2740.00000000000,67.00000000000,122.50000000000,2239.50000000000,8.50000000000,0.00000000000,171.00000000000,654.00000000000,1.50000000000,0.00000000000,15.00000000000,8.00000000000,0.00000000000,60.50000000000,0.00000000000,0.00000000000,0.00000000000,0.00000000000,0.00000000000,0.00000000000,156.50000000000,2860.00000000000,1.00000000000,0.00000000000,25.50000000000,0.50000000000,2867.50000000000,106.50000000000,25.00000000000,0.00000000000,0.50000000000,0.00000000000,1.50000000000,0.00000000000,0.00000000000,0.00000000000,0.00000000000,0.00000000000,0.00000000000,0.00000000000,0.00000000000,0.00000000000,0.00000000000,0.00000000000,0.00000000000,0.00000000000
182.00000000000,2741.00000000000,171.00000000000,0.00000000000,0.00000000000,92.50000000000,2894.50000000000,0.00000000000,0.00000000000,8.50000000000,0.00000000000,17.00000000000,585.50000000000,0.50000000000,0.00000000000,12.00000000000,7.50000000000,0.50000000000,72.00000000000,2241.00000000000,105.50000000000,124.50000000000,2.00000000000,153.50000000000,2.00000000000,0.50000000000,0.00000000000,0.00000000000,0.00000000000,0.50000000000,0.00000000000,99.00000000000,154.50000000000,0.00000000000,10.50000000000,0.00000000000,88.50000000000,0.00000000000,77.00000000000,0.00000000000,77.50000000000,147.50000000000,2842.00000000000,0.00000000000,132.50000000000,0.00000000000,15.00000000000,1.50000000000,372.50000000000,0.00000000000,2468.00000000000
183.00000000000,92.50000000000,12.50000000000,1.50000000000,0.00000000000,2895.00000000000,71.50000000000,153.50000000000,2792.50000000000,8.50000000000,0.00000000000,178.50000000000,660.00000000000,2.50000000000,0.00000000000,18.00000000000,3.50000000000,0.50000000000,57.50000000000,0.00000000000,0.00000000000,0.00000000000,0.00000000000,0.00000000000,0.00000000000,124.50000000000,2264.00000000000,1.00000000000,0.00000000000,22.50000000000,0.00000000000,2741.50000000000,104.00000000000,29.00000000000,0.00000000000,1.50000000000,0.00000000000,2.50000000000,0.00000000000,0.00000000000,0.00000000000,0.00000000000,0.00000000000,0.00000000000,0.00000000000,0.00000000000,0.00000000000,0.00000000000,0.00000000000,0.00000000000,0.00000000000
184.00000000000,2896.00000000000,141.50000000000,0.00000000000,0.00000000000,94.00000000000,2299.00000000000,0.00000000000,0.00000000000,8.50000000000,0.00000000000,16.00000000000,598.50000000000,0.50000000000,0.00000000000,9.00000000000,6.00000000000,0.50000000000,66.50000000000,2795.00000000000,103.00000000000,155.00000000000,1.50000000000,135.00000000000,1.50000000000,1.50000000000,0.00000000000,0.00000000000,0.00000000000,1.00000000000,0.00000000000,95.00000000000,158.50000000000,0.00000000000,5.50000000000,0.00000000000,89.50000000000,0.00000000000,78.00000000000,0.00000000000,80.50000000000,182.50000000000,2711.00000000000,0.00000000000,164.00000000000,0.00000000000,18.50000000000,1.00000000000,343.50000000000,0.00000000000,2366.50000000000
185.00000000000,94.00000000000,10.50000000000,1.00000000000,0.00000000000,2300.00000000000,65.50000000000,135.00000000000,2678.00000000000,8.50000000000,0.00000000000,147.50000000000,684.00000000000,0.50000000000,0.00000000000,12.00000000000,5.00000000000,0.00000000000,56.50000000000,0.00000000000,0.00000000000,0.00000000000,0.00000000000,0.00000000000,0.00000000000,155.00000000000,2822.50000000000,2.00000000000,0.00000000000,29.00000000000,3.50000000000,2896.50000000000,102.00000000000,25.00000000000,0.00000000000,0.50000000000,0.00000000000,1.50000000000,0.00000000000,0.00000000000,0.00000000000,0.00000000000,0.00000000000,0.00000000000,0.00000000000,0.00000000000,0.00000000000,0.00000000000,0.00000000000,0.00000000000,0.00000000000
186.00000000000,2302.00000000000,168.50000000000,0.00000000000,0.00000000000,94.50000000000,2846.50000000000,0.00000000000,0.00000000000,8.50000000000,0.00000000000,15.50000000000,622.50000000000,1.50000000000,0.00000000000,9.00000000000,5.50000000000,0.00000000000,74.00000000000,2679.50000000000,101.00000000000,147.00000000000,2.00000000000,137.50000000000,2.50000000000,1.00000000000,0.00000000000,0.00000000000,0.00000000000,0.00000000000,0.00000000000,94.50000000000,135.00000000000,0.00000000000,9.00000000000,0.00000000000,85.50000000000,0.00000000000,54.50000000000,0.00000000000,80.50000000000,160.00000000000,2871.00000000000,0.00000000000,145.50000000000,0.00000000000,14.50000000000,0.50000000000,344.00000000000,0.00000000000,2526.50000000000
187.00000000000,94.50000000000,10.00000000000,0.50000000000,0.00000000000,2846.50000000000,74.00000000000,137.50000000000,2833.50000000000,8.50000000000,0.00000000000,174.00000000000,678.00000000000,1.00000000000,0.00000000000,16.50000000000,8.00000000000,0.50000000000,66.00000000000,0.00000000000,0.00000000000,0.00000000000,0.00000000000,0.00000000000,0.00000000000,147.00000000000,2693.00000000000,4.00000000000,0.00000000000,22.00000000000,0.50000000000,2303.50000000000,99.50000000000,22.00000000000,0.00000000000,0.00000000000,0.00000000000,2.00000000000,0.00000000000,0.00000000000,0.00000000000,0.00000000000,0.00000000000,0.00000000000,0.00000000000,0.00000000000,0.00000000000,0.00000000000,0.00000000000,0.00000000000,0.00000000000
188.00000000000,2850.50000000000,160.00000000000,0.00000000000,0.00000000000,96.00000000000,2736.50000000000,0.00000000000,0.00000000000,8.50000000000,0.00000000000,18.00000000000,603.50000000000,1.00000000000,0.00000000000,10.50000000000,7.50000000000,0.00000000000,70.50000000000,2835.50000000000,97.50000000000,152.50000000000,2.50000000000,127.00000000000,1.50000000000,0.50000000000,0.00000000000,0.00000000000,0.00000000000,0.00000000000,0.00000000000,95.50000000000,157.00000000000,0.00000000000,6.50000000000,0.00000000000,89.00000000000,0.00000000000,71.50000000000,0.00000000000,85.50000000000,159.50000000000,2281.50000000000,0.00000000000,141.50000000000,0.00000000000,18.00000000000,1.00000000000,292.00000000000,0.00000000000,1988.50000000000
189.00000000000,96.00000000000,11.00000000000,1.00000000000,0.00000000000,2736.50000000000,70.50000000000,127.00000000000,2252.00000000000,8.50000000000,0.00000000000,167.50000000000,682.50000000000,0.00000000000,0.50000000000,18.00000000000,6.50000000000,0.50000000000,63.00000000000,0.00000000000,0.00000000000,0.00000000000,0.00000000000,0.00000000000,0.00000000000,152.50000000000,2841.50000000000,2.50000000000,0.00000000000,22.50000000000,1.50000000000,2851.50000000000,102.00000000000,21.50000000000,0.00000000000,1.00000000000,0.00000000000,1.50000000000,0.00000000000,0.00000000000,0.00000000000,0.00000000000,0.00000000000,0.00000000000,0.00000000000,0.00000000000,0.00000000000,0.00000000000,0.00000000000,0.00000000000,0.00000000000
190.00000000000,2739.00000000000,169.50000000000,0.00000000000,0.00000000000,93.00000000000,2880.50000000000,0.00000000000,0.00000000000,8.50000000000,0.00000000000,17.50000000000,613.00000000000,2.00000000000,0.00000000000,4.00000000000,4.00000000000,1.00000000000,74.00000000000,2253.50000000000,101.50000000000,108.00000000000,2.00000000000,153.50000000000,2.50000000000,1.00000000000,0.00000000000,0.50000000000,0.00000000000,1.00000000000,0.00000000000,96.00000000000,149.50000000000,0.00000000000,10.00000000000,0.00000000000,86.00000000000,0.00000000000,46.50000000000,0.00000000000,103.00000000000,148.50000000000,2829.00000000000,0.00000000000,134.50000000000,0.00000000000,14.00000000000,1.00000000000,317.50000000000,0.00000000000,2510.50000000000
191.00000000000,93.50000000000,4.50000000000,1.00000000000,0.00000000000,2881.50000000000,73.00000000000,153.50000000000,2775.50000000000,8.50000000000,0.00000000000,173.50000000000,683.50000000000,4.50000000000,0.00000000000,18.50000000000,8.50000000000,0.50000000000,70.50000000000,0.00000000000,0.00000000000,0.00000000000,0.00000000000,0.00000000000,0.00000000000,108.00000000000,2294.50000000000,0.00000000000,0.00000000000,22.00000000000,0.50000000000,2741.00000000000,108.50000000000,30.00000000000,0.00000000000,0.00000000000,0.00000000000,0.00000000000,0.00000000000,1.00000000000,0.00000000000,0.00000000000,0.00000000000,0.00000000000,0.00000000000,0.00000000000,0.00000000000,0.00000000000,0.00000000000,0.00000000000,0.00000000000
192.00000000000,2881.50000000000,127.00000000000,0.00000000000,0.00000000000,95.00000000000,2342.50000000000,0.00000000000,0.00000000000,8.50000000000,0.00000000000,13.00000000000,604.00000000000,1.00000000000,0.00000000000,9.50000000000,7.00000000000,0.50000000000,62.50000000000,2775.50000000000,107.50000000000,135.50000000000,1.50000000000,134.50000000000,1.00000000000,1.00000000000,0.00000000000,0.00000000000,0.00000000000,0.00000000000,0.00000000000,98.00000000000,151.00000000000,0.00000000000,9.50000000000,0.00000000000,88.50000000000,0.00000000000,63.00000000000,0.00000000000,88.00000000000,183.50000000000,2712.00000000000,0.00000000000,169.00000000000,0.00000000000,14.50000000000,1.00000000000,330.00000000000,0.00000000000,2381.00000000000
193.00000000000,95.00000000000,10.50000000000,1.00000000000,0.00000000000,2342.50000000000,62.50000000000,134.50000000000,2684.50000000000,8.50000000000,0.00000000000,134.00000000000,685.00000000000,1.50000000000,0.00000000000,12.50000000000,4.00000000000,0.00000000000,63.50000000000,0.00000000000,0.00000000000,0.00000000000,0.00000000000,0.00000000000,0.00000000000,135.50000000000,2823.00000000000,1.50000000000,0.00000000000,31.50000000000,1.00000000000,2882.50000000000,101.00000000000,37.00000000000,0.00000000000,1.00000000000,0.00000000000,1.00000000000,0.00000000000,0.00000000000,0.00000000000,0.00000000000,0.00000000000,0.00000000000,0.00000000000,0.00000000000,0.00000000000,0.00000000000,0.00000000000,0.00000000000,0.00000000000
194.00000000000,2344.00000000000,147.50000000000,0.00000000000,0.00000000000,94.00000000000,2854.00000000000,0.00000000000,0.00000000000,8.50000000000,0.00000000000,14.50000000000,617.50000000000,1.00000000000,0.00000000000,11.00000000000,10.50000000000,1.00000000000,68.50000000000,2685.50000000000,101.00000000000,146.50000000000,1.50000000000,155.00000000000,0.00000000000,1.00000000000,0.00000000000,0.00000000000,0.00000000000,0.50000000000,0.00000000000,96.50000000000,120.00000000000,0.00000000000,6.50000000000,0.00000000000,90.00000000000,0.00000000000,58.50000000000,0.00000000000,61.50000000000,171.50000000000,2844.50000000000,0.00000000000,154.00000000000,0.00000000000,17.50000000000,1.50000000000,343.00000000000,0.00000000000,2500.00000000000
195.00000000000,94.00000000000,12.00000000000,1.50000000000,0.00000000000,2854.50000000000,68.00000000000,155.00000000000,2790.50000000000,8.50000000000,0.00000000000,158.00000000000,657.50000000000,0.50000000000,0.00000000000,15.00000000000,4.50000000000,0.00000000000,67.00000000000,0.00000000000,0.00000000000,0.00000000000,0.00000000000,0.00000000000,0.00000000000,146.50000000000,2709.00000000000,1.00000000000,0.00000000000,28.00000000000,1.50000000000,2345.00000000000,100.00000000000,24.00000000000,0.00000000000,0.50000000000,0.00000000000,1.50000000000,0.00000000000,0.00000000000,0.00000000000,0.00000000000,0.00000000000,0.00000000000,0.00000000000,0.00000000000,0.00000000000,0.00000000000,0.00000000000,0.00000000000,0.00000000000
196.00000000000,2855.50000000000,162.00000000000,0.00000000000,0.00000000000,96.00000000000,2746.50000000000,0.00000000000,0.00000000000,8.50000000000,0.00000000000,16.50000000000,586.00000000000,0.00000000000,0.00000000000,11.50000000000,9.00000000000,1.00000000000,66.00000000000,2792.00000000000,99.00000000000,144.50000000000,2.50000000000,120.00000000000,2.00000000000,1.50000000000,0.00000000000,0.00000000000,0.00000000000,0.00000000000,0.00000000000,94.50000000000,142.50000000000,0.00000000000,8.50000000000,0.00000000000,86.00000000000,0.00000000000,84.00000000000,0.00000000000,58.50000000000,179.00000000000,2320.50000000000,0.00000000000,158.00000000000,0.00000000000,21.00000000000,0.50000000000,291.00000000000,0.00000000000,2029.00000000000
197.00000000000,96.00000000000,13.00000000000,0.50000000000,0.00000000000,2746.50000000000,66.00000000000,120.00000000000,2299.50000000000,8.50000000000,0.00000000000,171.00000000000,652.50000000000,2.50000000000,0.00000000000,20.00000000000,10.00000000000,0.00000000000,62.00000000000,0.00000000000,0.00000000000,0.00000000000,0.00000000000,0.00000000000,0.00000000000,144.50000000000,2826.00000000000,3.50000000000,0.00000000000,28.50000000000,0.50000000000,2855.50000000000,100.50000000000,24.50000000000,0.00000000000,0.50000000000,0.00000000000,1.50000000000,0.00000000000,0.00000000000,0.00000000000,0.00000000000,0.00000000000,0.00000000000,0.00000000000,0.00000000000,0.00000000000,0.00000000000,0.00000000000,0.00000000000,0.00000000000
198.00000000000,2750.00000000000,161.50000000000,0.00000000000,0.00000000000,94.50000000000,2859.00000000000,0.00000000000,0.00000000000,8.50000000000,0.00000000000,23.00000000000,580.50000000000,2.50000000000,0.00000000000,12.00000000000,6.00000000000,0.50000000000,78.00000000000,2301.00000000000,99.50000000000,129.50000000000,1.50000000000,142.00000000000,2.50000000000,0.50000000000,0.00000000000,0.50000000000,0.00000000000,0.50000000000,0.00000000000,98.50000000000,148.50000000000,0.00000000000,13.00000000000,0.00000000000,85.50000000000,0.00000000000,80.50000000000,0.00000000000,68.00000000000,144.50000000000,2830.50000000000,0.00000000000,128.00000000000,0.00000000000,16.50000000000,0.50000000000,368.50000000000,0.00000000000,2461.50000000000
199.00000000000,95.00000000000,12.00000000000,0.50000000000,0.00000000000,2859.50000000000,77.50000000000,142.00000000000,2786.50000000000,8.50000000000,0.00000000000,167.50000000000,644.50000000000,2.00000000000,0.00000000000,21.00000000000,4.00000000000,1.00000000000,65.00000000000,0.00000000000,0.00000000000,0.00000000000,0.00000000000,0.00000000000,0.00000000000,129.50000000000,2317.00000000000,2.00000000000,0.50000000000,22.00000000000,1.50000000000,2752.50000000000,107.50000000000,22.00000000000,0.00000000000,1.50000000000,0.00000000000,1.50000000000,0.00000000000,0.00000000000,0.00000000000,0.00000000000,0.00000000000,0.00000000000,0.00000000000,0.00000000000,0.00000000000,0.00000000000,0.00000000000,0.00000000000,0.00000000000
200.00000000000,2861.50000000000,149.50000000000,0.00000000000,0.00000000000,99.50000000000,2359.00000000000,0.00000000000,0.00000000000,8.50000000000,0.00000000000,16.00000000000,574.50000000000,0.50000000000,0.00000000000,9.00000000000,8.50000000000,0.00000000000,63.00000000000,2788.00000000000,107.50000000000,148.00000000000,4.50000000000,122.00000000000,2.50000000000,0.50000000000,0.00000000000,0.00000000000,0.00000000000,0.50000000000,0.00000000000,97.00000000000,145.50000000000,0.00000000000,12.00000000000,0.00000000000,85.00000000000,0.00000000000,83.50000000000,0.00000000000,62.00000000000,164.00000000000,2729.00000000000,0.00000000000,147.00000000000,0.00000000000,17.00000000000,0.50000000000,396.50000000000,0.00000000000,2332.00000000000
201.00000000000,99.50000000000,9.50000000000,0.50000000000,0.00000000000,2359.50000000000,62.50000000000,122.00000000000,2716.00000000000,8.50000000000,0.00000000000,158.00000000000,648.50000000000,2.00000000000,0.50000000000,17.50000000000,3.50000000000,0.50000000000,62.50000000000,0.00000000000,0.00000000000,0.00000000000,0.00000000000,0.00000000000,0.00000000000,148.00000000000,2802.00000000000,1.50000000000,0.00000000000,29.00000000000,1.50000000000,2862.00000000000,103.50000000000,28.00000000000,0.00000000000,1.50000000000,0.00000000000,1.00000000000,0.00000000000,0.00000000000,0.00000000000,0.00000000000,0.00000000000,0.00000000000,0.00000000000,0.00000000000,0.00000000000,0.00000000000,0.00000000000,0.00000000000,0.00000000000
202.00000000000,2361.00000000000,165.50000000000,0.00000000000,0.00000000000,91.50000000000,2834.00000000000,0.00000000000,0.00000000000,8.50000000000,0.00000000000,13.00000000000,582.50000000000,1.00000000000,0.50000000000,14.00000000000,8.00000000000,0.50000000000,63.00000000000,2717.00000000000,104.00000000000,141.00000000000,2.00000000000,144.50000000000,1.00000000000,0.50000000000,0.00000000000,0.00000000000,0.00000000000,0.00000000000,0.00000000000,101.50000000000,138.50000000000,0.00000000000,8.00000000000,0.00000000000,93.50000000000,0.00000000000,85.00000000000,0.00000000000,53.50000000000,150.00000000000,2832.50000000000,0.00000000000,138.50000000000,0.00000000000,11.50000000000,2.00000000000,389.50000000000,0.00000000000,2441.00000000000
203.00000000000,91.50000000000,14.50000000000,2.00000000000,0.00000000000,2834.00000000000,63.00000000000,144.50000000000,2791.00000000000,8.50000000000,0.00000000000,173.50000000000,650.00000000000,0.00000000000,0.50000000000,17.50000000000,5.00000000000,1.00000000000,58.50000000000,0.00000000000,0.00000000000,0.00000000000,0.00000000000,0.00000000000,0.00000000000,141.00000000000,2725.00000000000,1.00000000000,0.00000000000,26.50000000000,0.00000000000,2362.00000000000,99.50000000000,21.50000000000,0.00000000000,1.00000000000,0.00000000000,1.50000000000,0.00000000000,0.00000000000,0.00000000000,0.00000000000,0.00000000000,0.00000000000,0.00000000000,0.00000000000,0.00000000000,0.00000000000,0.00000000000,0.00000000000,0.00000000000
204.00000000000,2835.00000000000,157.50000000000,0.00000000000,0.00000000000,89.50000000000,2757.00000000000,0.00000000000,0.00000000000,8.50000000000,0.00000000000,19.50000000000,586.00000000000,0.50000000000,0.00000000000,10.50000000000,6.50000000000,0.00000000000,66.00000000000,2792.50000000000,99.00000000000,139.50000000000,3.00000000000,115.00000000000,1.50000000000,2.00000000000,0.00000000000,0.00000000000,0.00000000000,0.00000000000,0.00000000000,91.50000000000,156.50000000000,0.00000000000,8.00000000000,0.00000000000,83.50000000000,0.00000000000,112.00000000000,0.00000000000,44.50000000000,166.00000000000,2339.50000000000,0.00000000000,146.50000000000,0.00000000000,19.50000000000,1.00000000000,305.00000000000,0.00000000000,2033.50000000000
205.00000000000,89.50000000000,12.50000000000,1.00000000000,0.00000000000,2757.00000000000,66.00000000000,115.00000000000,2324.00000000000,8.50000000000,0.00000000000,164.00000000000,670.00000000000,1.50000000000,0.00000000000,17.50000000000,8.50000000000,0.50000000000,59.00000000000,0.00000000000,0.00000000000,0.00000000000,0.00000000000,0.00000000000,0.00000000000,139.50000000000,2817.50000000000,1.00000000000,0.00000000000,38.00000000000,1.50000000000,2835.50000000000,100.00000000000,24.50000000000,0.00000000000,1.50000000000,0.00000000000,1.00000000000,0.00000000000,0.00000000000,0.00000000000,0.00000000000,0.00000000000,0.00000000000,0.00000000000,0.00000000000,0.00000000000,0.00000000000,0.00000000000,0.00000000000,0.00000000000
206.00000000000,2758.00000000000,157.50000000000,0.00000000000,0.00000000000,104.00000000000,2837.00000000000,0.00000000000,0.00000000000,8.50000000000,0.00000000000,21.00000000000,602.00000000000,0.00000000000,0.00000000000,9.00000000000,8.50000000000,0.50000000000,73.50000000000,2325.00000000000,100.50000000000,128.50000000000,1.00000000000,153.50000000000,2.00000000000,1.00000000000,0.00000000000,0.00000000000,0.00000000000,1.00000000000,0.00000000000,91.00000000000,145.50000000000,0.00000000000,9.00000000000,0.00000000000,82.00000000000,0.00000000000,108.50000000000,0.00000000000,37.00000000000,139.50000000000,2809.50000000000,0.00000000000,126.50000000000,0.00000000000,13.00000000000,0.50000000000,382.00000000000,0.00000000000,2427.00000000000
207.00000000000,104.00000000000,10.00000000000,0.50000000000,0.00000000000,2838.00000000000,72.50000000000,153.50000000000,2755.00000000000,8.50000000000,0.00000000000,166.00000000000,665.00000000000,1.50000000000,0.00000000000,20.00000000000,4.00000000000,0.50000000000,66.50000000000,0.00000000000,0.00000000000,0.00000000000,0.00000000000,0.00000000000,0.00000000000,128.50000000000,2337.00000000000,2.00000000000,0.00000000000,29.00000000000,1.00000000000,2758.00000000000,103.50000000000,30.00000000000,0.00000000000,0.00000000000,0.00000000000,1.50000000000,0.00000000000,0.00000000000,0.00000000000,0.00000000000,0.00000000000,0.00000000000,0.00000000000,0.00000000000,0.00000000000,0.00000000000,0.00000000000,0.00000000000,0.00000000000
208.00000000000,2840.00000000000,147.50000000000,0.00000000000,0.00000000000,101.50000000000,2373.50000000000,0.00000000000,0.00000000000,8.50000000000,0.00000000000,14.00000000000,594.00000000000,0.50000000000,0.00000000000,13.50000000000,7.50000000000,0.00000000000,60.50000000000,2756.50000000000,102.00000000000,145.00000000000,0.50000000000,146.00000000000,1.50000000000,0.50000000000,0.00000000000,0.00000000000,0.00000000000,0.00000000000,0.00000000000,105.50000000000,145.00000000000,0.00000000000,8.50000000000,0.00000000000,97.00000000000,0.00000000000,111.50000000000,0.00000000000,33.50000000000,183.50000000000,2728.00000000000,0.00000000000,162.50000000000,0.00000000000,21.00000000000,1.00000000000,443.00000000000,0.00000000000,2284.00000000000
209.00000000000,101.50000000000,14.00000000000,1.00000000000,0.00000000000,2373.50000000000,60.50000000000,146.00000000000,2682.00000000000,8.50000000000,0.00000000000,155.00000000000,671.00000000000,0.50000000000,0.00000000000,15.00000000000,3.50000000000,1.00000000000,66.00000000000,0.00000000000,0.00000000000,0.00000000000,0.00000000000,0.00000000000,0.00000000000,145.00000000000,2796.00000000000,3.50000000000,0.00000000000,26.00000000000,0.50000000000,2840.50000000000,105.50000000000,22.50000000000,0.00000000000,1.00000000000,0.00000000000,1.50000000000,0.00000000000,0.00000000000,0.00000000000,0.00000000000,0.00000000000,0.00000000000,0.00000000000,0.00000000000,0.00000000000,0.00000000000,0.00000000000,0.00000000000,0.00000000000
210.00000000000,2377.00000000000,157.00000000000,0.00000000000,0.00000000000,86.50000000000,2835.50000000000,0.00000000000,0.00000000000,8.50000000000,0.00000000000,17.50000000000,600.50000000000,0.50000000000,0.00000000000,13.50000000000,7.00000000000,0.50000000000,70.50000000000,2683.50000000000,105.00000000000,133.00000000000,4.00000000000,142.00000000000,3.00000000000,1.00000000000,0.00000000000,0.00000000000,0.00000000000,0.00000000000,0.00000000000,102.00000000000,140.50000000000,0.00000000000,7.00000000000,0.00000000000,95.00000000000,0.00000000000,109.00000000000,0.00000000000,31.50000000000,168.50000000000,2817.00000000000,0.00000000000,149.50000000000,0.00000000000,19.00000000000,0.00000000000,454.50000000000,0.00000000000,2362.50000000000
211.00000000000,86.50000000000,14.50000000000,0.00000000000,0.00000000000,2835.50000000000,70.50000000000,142.00000000000,2781.00000000000,8.50000000000,0.00000000000,164.00000000000,663.00000000000,2.00000000000,0.00000000000,17.00000000000,7.50000000000,0.50000000000,65.00000000000,0.00000000000,0.00000000000,0.00000000000,0.00000000000,0.00000000000,0.00000000000,133.00000000000,2718.00000000000,1.00000000000,0.00000000000,26.50000000000,1.00000000000,2377.50000000000,106.00000000000,22.50000000000,0.00000000000,0.00000000000,0.00000000000,0.50000000000,0.00000000000,0.00000000000,0.00000000000,0.00000000000,0.00000000000,0.00000000000,0.00000000000,0.00000000000,0.00000000000,0.00000000000,0.00000000000,0.00000000000,0.00000000000
212.00000000000,2836.50000000000,150.00000000000,0.00000000000,0.00000000000,97.00000000000,2755.50000000000,0.00000000000,0.00000000000,8.50000000000,0.00000000000,22.00000000000,590.00000000000,3.00000000000,0.00000000000,10.50000000000,6.50000000000,0.00000000000,73.00000000000,2781.50000000000,105.50000000000,145.50000000000,2.50000000000,124.00000000000,0.00000000000,0.00000000000,0.00000000000,0.00000000000,0.00000000000,0.50000000000,0.00000000000,88.50000000000,145.50000000000,0.00000000000,4.50000000000,0.00000000000,84.00000000000,0.00000000000,108.00000000000,0.00000000000,37.50000000000,164.50000000000,2355.00000000000,0.00000000000,146.00000000000,0.00000000000,18.50000000000,0.50000000000,343.00000000000,0.00000000000,2011.50000000000
213.00000000000,97.00000000000,10.50000000000,0.50000000000,0.00000000000,2756.00000000000,72.50000000000,124.00000000000,2338.50000000000,8.50000000000,0.00000000000,156.50000000000,656.00000000000,0.50000000000,0.00000000000,20.00000000000,5.00000000000,0.00000000000,52.50000000000,0.00000000000,0.00000000000,0.00000000000,0.00000000000,0.00000000000,0.00000000000,145.50000000000,2798.00000000000,2.00000000000,0.00000000000,30.00000000000,1.50000000000,2839.50000000000,97.00000000000,29.00000000000,0.00000000000,1.50000000000,0.00000000000,1.00000000000,0.00000000000,0.00000000000,0.00000000000,0.00000000000,0.00000000000,0.00000000000,0.00000000000,0.00000000000,0.00000000000,0.00000000000,0.00000000000,0.00000000000,0.00000000000
214.00000000000,2758.00000000000,165.00000000000,0.00000000000,0.00000000000,102.50000000000,2819.00000000000,0.00000000000,0.00000000000,8.50000000000,0.00000000000,15.50000000000,598.50000000000,0.00000000000,0.00000000000,17.50000000000,3.00000000000,0.00000000000,66.00000000000,2339.50000000000,97.50000000000,124.50000000000,3.50000000000,145.50000000000,2.50000000000,0.50000000000,0.00000000000,0.00000000000,0.00000000000,0.00000000000,0.00000000000,97.50000000000,136.00000000000,0.00000000000,10.50000000000,0.00000000000,87.00000000000,0.00000000000,97.50000000000,0.00000000000,38.50000000000,153.00000000000,2809.00000000000,0.00000000000,135.00000000000,0.00000000000,18.00000000000,0.00000000000,393.00000000000,0.00000000000,2416.00000000000
215.00000000000,102.50000000000,18.00000000000,0.00000000000,0.00000000000,2819.00000000000,66.00000000000,145.50000000000,2762.00000000000,8.50000000000,0.00000000000,168.00000000000,665.50000000000,3.00000000000,0.00000000000,16.00000000000,4.50000000000,0.50000000000,72.50000000000,0.00000000000,0.00000000000,0.00000000000,0.00000000000,0.00000000000,0.00000000000,124.50000000000,2367.00000000000,1.00000000000,0.00000000000,27.00000000000,0.50000000000,2758.00000000000,95.50000000000,33.00000000000,0.00000000000,0.00000000000,0.00000000000,1.00000000000,0.00000000000,0.00000000000,0.00000000000,0.00000000000,0.00000000000,0.00000000000,0.00000000000,0.00000000000,0.00000000000,0.00000000000,0.00000000000,0.00000000000,0.00000000000
216.00000000000,2820.00000000000,140.00000000000,0.00000000000,0.00000000000,93.00000000000,2412.00000000000,0.00000000000,0.00000000000,8.50000000000,0.00000000000,22.50000000000,588.00000000000,1.50000000000,0.00000000000,11.00000000000,4.50000000000,0.00000000000,74.50000000000,2763.00000000000,94.50000000000,151.00000000000,2.00000000000,121.50000000000,1.50000000000,0.00000000000,0.00000000000,0.00000000000,0.00000000000,0.00000000000,0.00000000000,105.50000000000,149.50000000000,0.00000000000,9.50000000000,0.00000000000,96.00000000000,0.00000000000,107.50000000000,0.00000000000,42.00000000000,178.50000000000,2725.00000000000,0.00000000000,158.00000000000,0.00000000000,20.50000000000,1.50000000000,416.50000000000,0.00000000000,2307.00000000000
217.00000000000,93.00000000000,11.00000000000,1.50000000000,0.00000000000,2412.00000000000,74.50000000000,121.50000000000,2697.00000000000,8.50000000000,0.00000000000,144.50000000000,658.50000000000,1.50000000000,0.00000000000,18.00000000000,8.00000000000,0.50000000000,53.50000000000,0.00000000000,0.00000000000,0.00000000000,0.00000000000,0.00000000000,0.00000000000,151.00000000000,2790.00000000000,1.50000000000,0.00000000000,29.00000000000,0.50000000000,2821.50000000000,115.50000000000,34.00000000000,0.00000000000,2.00000000000,0.00000000000,3.00000000000,0.00000000000,0.00000000000,0.00000000000,0.00000000000,0.00000000000,0.00000000000,0.00000000000,0.00000000000,0.00000000000,0.00000000000,0.00000000000,0.00000000000,0.00000000000
218.00000000000,2413.50000000000,168.00000000000,0.00000000000,0.00000000000,103.50000000000,2814.00000000000,0.00000000000,0.00000000000,8.50000000000,0.00000000000,19.00000000000,596.50000000000,1.00000000000,0.00000000000,11.50000000000,7.50000000000,0.50000000000,67.00000000000,2700.00000000000,114.50000000000,149.50000000000,1.50000000000,142.50000000000,1.50000000000,1.50000000000,0.00000000000,1.00000000000,0.00000000000,0.50000000000,0.00000000000,94.50000000000,125.50000000000,0.00000000000,11.00000000000,0.00000000000,83.50000000000,0.00000000000,86.50000000000,0.00000000000,39.00000000000,155.50000000000,2785.50000000000,0.00000000000,140.50000000000,0.00000000000,15.00000000000,1.00000000000,415.50000000000,0.00000000000,2369.00000000000
219.00000000000,104.50000000000,12.00000000000,1.00000000000,0.00000000000,2814.50000000000,66.50000000000,142.50000000000,2756.50000000000,8.50000000000,0.00000000000,175.50000000000,647.00000000000,2.00000000000,0.00000000000,15.50000000000,7.50000000000,0.00000000000,70.50000000000,0.00000000000,0.00000000000,0.00000000000,0.00000000000,0.00000000000,0.00000000000,149.50000000000,2706.00000000000,4.00000000000,0.00000000000,23.00000000000,1.00000000000,2414.50000000000,101.50000000000,20.00000000000,0.00000000000,0.00000000000,0.00000000000,1.50000000000,0.00000000000,0.00000000000,0.00000000000,0.00000000000,0.00000000000,0.00000000000,0.00000000000,0.00000000000,0.00000000000,0.00000000000,0.00000000000,0.00000000000,0.00000000000
220.00000000000,2818.50000000000,162.00000000000,0.00000000000,0.00000000000,89.50000000000,2752.50000000000,0.00000000000,0.00000000000,8.50000000000,0.00000000000,19.50000000000,569.00000000000,1.50000000000,0.00000000000,14.00000000000,6.00000000000,1.00000000000,64.50000000000,2758.00000000000,100.00000000000,123.00000000000,2.00000000000,118.00000000000,2.50000000000,1.00000000000,0.00000000000,0.00000000000,0.00000000000,0.00000000000,0.00000000000,106.50000000000,158.00000000000,0.00000000000,6.50000000000,0.00000000000,100.00000000000,0.00000000000,110.00000000000,0.00000000000,48.00000000000,162.50000000000,2394.50000000000,0.00000000000,143.50000000000,0.00000000000,19.00000000000,1.50000000000,346.50000000000,0.00000000000,2046.50000000000
221.00000000000,89.50000000000,15.00000000000,1.50000000000,0.00000000000,2752.50000000000,64.50000000000,118.00000000000,2374.50000000000,8.50000000000,0.00000000000,168.00000000000,655.50000000000,0.50000000000,0.00000000000,12.00000000000,4.50000000000,0.00000000000,61.50000000000,0.00000000000,0.00000000000,0.00000000000,0.00000000000,0.00000000000,0.00000000000,123.00000000000,2798.00000000000,0.50000000000,0.00000000000,24.50000000000,3.00000000000,2820.00000000000,111.50000000000,26.00000000000,0.00000000000,0.50000000000,0.00000000000,2.50000000000,0.00000000000,0.00000000000,0.00000000000,0.00000000000,0.00000000000,0.00000000000,0.00000000000,0.00000000000,0.00000000000,0.00000000000,0.00000000000,0.00000000000,0.00000000000
222.00000000000,2753.00000000000,137.50000000000,0.00000000000,0.00000000000,89.00000000000,2832.00000000000,0.00000000000,0.00000000000,8.50000000000,0.00000000000,19.50000000000,589.50000000000,2.00000000000,0.00000000000,6.50000000000,5.50000000000,0.50000000000,73.50000000000,2377.00000000000,109.50000000000,114.50000000000,1.50000000000,143.00000000000,1.00000000000,1.50000000000,0.00000000000,0.00000000000,0.00000000000,0.00000000000,0.00000000000,90.00000000000,155.50000000000,0.00000000000,13.00000000000,0.00000000000,77.00000000000,0.00000000000,102.00000000000,0.00000000000,53.50000000000,144.00000000000,2793.50000000000,0.00000000000,127.50000000000,0.00000000000,16.50000000000,1.50000000000,385.50000000000,0.00000000000,2406.50000000000
223.00000000000,89.00000000000,8.00000000000,1.50000000000,0.00000000000,2832.00000000000,73.50000000000,143.00000000000,2759.00000000000,8.50000000000,0.00000000000,143.00000000000,665.50000000000,2.50000000000,0.50000000000,16.50000000000,5.50000000000,0.00000000000,50.50000000000,0.00000000000,0.00000000000,0.00000000000,0.00000000000,0.00000000000,0.00000000000,114.50000000000,2406.00000000000,1.00000000000,0.00000000000,27.50000000000,3.00000000000,2755.00000000000,101.50000000000,26.50000000000,0.00000000000,1.00000000000,0.00000000000,2.50000000000,0.00000000000,0.00000000000,0.00000000000,0.00000000000,0.00000000000,0.00000000000,0.00000000000,0.00000000000,0.00000000000,0.00000000000,0.00000000000,0.00000000000,0.00000000000
224.00000000000,2833.00000000000,133.00000000000,0.00000000000,0.00000000000,101.00000000000,2426.00000000000,0.00000000000,0.00000000000,8.50000000000,0.00000000000,13.50000000000,610.00000000000,0.50000000000,0.00000000000,9.00000000000,6.00000000000,0.00000000000,77.50000000000,2761.50000000000,100.00000000000,141.50000000000,1.00000000000,155.50000000000,1.50000000000,1.50000000000,0.00000000000,0.00000000000,0.00000000000,0.50000000000,0.00000000000,91.50000000000,123.50000000000,0.00000000000,7.00000000000,0.00000000000,84.50000000000,0.00000000000,91.50000000000,0.00000000000,32.00000000000,169.50000000000,2727.50000000000,0.00000000000,150.50000000000,0.00000000000,19.00000000000,1.00000000000,383.00000000000,0.00000000000,2343.50000000000
225.00000000000,101.00000000000,10.50000000000,1.00000000000,0.00000000000,2426.50000000000,77.00000000000,155.50000000000,2670.50000000000,8.50000000000,0.00000000000,139.00000000000,650.00000000000,1.00000000000,0.50000000000,13.00000000000,5.00000000000,0.00000000000,69.00000000000,0.00000000000,0.00000000000,0.00000000000,0.00000000000,0.00000000000,0.00000000000,141.50000000000,2790.00000000000,1.00000000000,0.00000000000,30.00000000000,1.50000000000,2833.50000000000,95.50000000000,28.50000000000,0.00000000000,1.00000000000,0.00000000000,0.00000000000,0.00000000000,0.00000000000,0.00000000000,0.00000000000,0.00000000000,0.00000000000,0.00000000000,0.00000000000,0.00000000000,0.00000000000,0.00000000000,0.00000000000,0.00000000000
226.00000000000,2427.50000000000,155.00000000000,0.00000000000,0.00000000000,107.00000000000,2827.50000000000,0.00000000000,0.00000000000,8.50000000000,0.00000000000,15.50000000000,576.50000000000,2.00000000000,0.00000000000,9.50000000000,5.50000000000,0.00000000000,62.00000000000,2670.50000000000,96.50000000000,126.00000000000,1.50000000000,154.50000000000,2.50000000000,1.00000000000,0.00000000000,0.50000000000,0.00000000000,0.50000000000,0.00000000000,102.00000000000,124.50000000000,0.00000000000,8.00000000000,0.00000000000,94.00000000000,0.00000000000,95.50000000000,0.00000000000,29.00000000000,184.00000000000,2804.00000000000,0.00000000000,165.50000000000,0.00000000000,18.50000000000,0.50000000000,423.50000000000,0.00000000000,2380.00000000000
227.00000000000,107.50000000000,10.00000000000,0.50000000000,0.00000000000,2828.00000000000,61.50000000000,154.50000000000,2744.50000000000,8.50000000000,0.00000000000,160.50000000000,633.50000000000,0.50000000000,0.00000000000,17.00000000000,6.00000000000,0.00000000000,72.50000000000,0.00000000000,0.00000000000,0.00000000000,0.00000000000,0.00000000000,0.00000000000,126.00000000000,2729.50000000000,0.50000000000,0.00000000000,27.50000000000,0.50000000000,2429.50000000000,106.00000000000,25.00000000000,0.00000000000,0.00000000000,0.00000000000,1.50000000000,0.00000000000,0.00000000000,0.00000000000,0.00000000000,0.00000000000,0.00000000000,0.00000000000,0.00000000000,0.00000000000,0.00000000000,0.00000000000,0.00000000000,0.00000000000
228.00000000000,2828.50000000000,143.00000000000,0.00000000000,0.00000000000,89.00000000000,2774.00000000000,0.00000000000,0.00000000000,8.50000000000,0.00000000000,16.00000000000,555.00000000000,0.00000000000,0.00000000000,13.50000000000,7.00000000000,0.00000000000,60.00000000000,2746.00000000000,104.50000000000,146.50000000000,2.50000000000,115.50000000000,1.00000000000,0.50000000000,0.00000000000,0.00000000000,0.00000000000,0.00000000000,0.00000000000,108.00000000000,143.00000000000,0.00000000000,9.50000000000,0.00000000000,98.50000000000,0.00000000000,118.50000000000,0.00000000000,24.50000000000,179.50000000000,2404.50000000000,0.00000000000,157.50000000000,0.00000000000,22.00000000000,1.00000000000,383.50000000000,0.00000000000,2020.00000000000
229.00000000000,89.00000000000,14.00000000000,1.00000000000,0.00000000000,2774.00000000000,60.00000000000,115.50000000000,2394.00000000000,8.50000000000,0.00000000000,150.00000000000,631.00000000000,1.00000000000,0.00000000000,9.50000000000,7.00000000000,0.00000000000,56.00000000000,0.00000000000,0.00000000000,0.00000000000,0.00000000000,0.00000000000,0.00000000000,146.50000000000,2777.50000000000,2.50000000000,0.00000000000,22.50000000000,1.00000000000,2828.50000000000,110.50000000000,33.50000000000,0.00000000000,1.50000000000,0.00000000000,2.00000000000,0.00000000000,0.00000000000,0.00000000000,0.00000000000,0.00000000000,0.00000000000,0.00000000000,0.00000000000,0.00000000000,0.00000000000,0.00000000000,0.00000000000,0.00000000000
230.00000000000,2776.50000000000,154.50000000000,0.00000000000,0.00000000000,82.50000000000,2810.00000000000,0.00000000000,0.00000000000,8.50000000000,0.00000000000,21.00000000000,568.00000000000,1.50000000000,0.00000000000,13.00000000000,6.50000000000,1.00000000000,68.00000000000,2396.00000000000,110.00000000000,129.00000000000,1.50000000000,142.00000000000,3.00000000000,1.00000000000,0.00000000000,0.00000000000,0.00000000000,0.50000000000,0.00000000000,90.00000000000,139.50000000000,0.00000000000,13.00000000000,0.00000000000,77.00000000000,0.00000000000,110.50000000000,0.00000000000,29.00000000000,149.00000000000,2793.50000000000,0.00000000000,133.00000000000,0.00000000000,16.00000000000,1.50000000000,444.50000000000,0.00000000000,2347.50000000000
231.00000000000,82.50000000000,14.00000000000,1.50000000000,0.00000000000,2810.50000000000,67.50000000000,142.00000000000,2758.50000000000,8.50000000000,0.00000000000,161.00000000000,632.00000000000,1.50000000000,0.00000000000,14.00000000000,5.00000000000,0.00000000000,70.00000000000,0.00000000000,0.00000000000,0.00000000000,0.00000000000,0.00000000000,0.00000000000,129.00000000000,2417.50000000000,1.50000000000,0.00000000000,23.50000000000,1.50000000000,2778.00000000000,97.50000000000,26.00000000000,0.00000000000,1.00000000000,0.00000000000,0.50000000000,0.00000000000,0.00000000000,0.00000000000,0.00000000000,0.00000000000,0.00000000000,0.00000000000,0.00000000000,0.00000000000,0.00000000000,0.00000000000,0.00000000000,0.00000000000
232.00000000000,2812.00000000000,143.00000000000,0.00000000000,0.00000000000,91.00000000000,2462.50000000000,0.00000000000,0.00000000000,8.50000000000,0.00000000000,19.00000000000,557.00000000000,1.00000000000,0.00000000000,9.00000000000,7.00000000000,0.00000000000,62.50000000000,2759.00000000000,98.00000000000,148.00000000000,1.50000000000,138.50000000000,2.50000000000,1.50000000000,0.00000000000,0.00000000000,0.00000000000,0.50000000000,0.00000000000,84.00000000000,145.50000000000,0.00000000000,5.00000000000,0.00000000000,79.00000000000,0.00000000000,121.00000000000,0.00000000000,24.50000000000,168.00000000000,2751.00000000000,0.00000000000,152.00000000000,0.00000000000,16.00000000000,1.50000000000,398.50000000000,0.00000000000,2351.00000000000
233.00000000000,91.00000000000,10.50000000000,1.50000000000,0.00000000000,2463.00000000000,62.00000000000,138.50000000000,2708.00000000000,8.50000000000,0.00000000000,150.00000000000,633.00000000000,1.50000000000,0.00000000000,12.00000000000,4.50000000000,0.50000000000,64.00000000000,0.00000000000,0.00000000000,0.00000000000,0.00000000000,0.00000000000,0.00000000000,148.00000000000,2780.00000000000,0.50000000000,1.00000000000,23.50000000000,0.00000000000,2813.00000000000,93.00000000000,23.00000000000,0.00000000000,0.00000000000,0.00000000000,0.50000000000,0.00000000000,0.00000000000,0.00000000000,0.00000000000,0.00000000000,0.00000000000,0.00000000000,0.00000000000,0.00000000000,0.00000000000,0.00000000000,0.00000000000,0.00000000000
234.00000000000,2463.50000000000,158.50000000000,0.00000000000,0.00000000000,85.50000000000,2821.50000000000,0.00000000000,0.00000000000,8.50000000000,0.00000000000,15.00000000000,564.00000000000,2.00000000000,0.00000000000,11.00000000000,7.00000000000,0.50000000000,67.00000000000,2708.50000000000,92.50000000000,137.00000000000,1.50000000000,146.50000000000,0.50000000000,1.50000000000,0.00000000000,0.00000000000,0.00000000000,0.50000000000,0.00000000000,92.50000000000,137.00000000000,0.00000000000,9.50000000000,0.00000000000,83.00000000000,0.00000000000,104.00000000000,0.00000000000,33.00000000000,161.50000000000,2790.00000000000,0.00000000000,143.50000000000,0.00000000000,18.00000000000,1.00000000000,431.50000000000,0.00000000000,2357.50000000000
235.00000000000,85.50000000000,12.50000000000,1.00000000000,0.00000000000,2822.00000000000,66.50000000000,146.50000000000,2736.00000000000,8.50000000000,0.00000000000,165.50000000000,626.50000000000,0.50000000000,0.00000000000,19.00000000000,7.00000000000,0.00000000000,52.00000000000,0.00000000000,0.00000000000,0.00000000000,0.00000000000,0.00000000000,0.00000000000,137.00000000000,2732.00000000000,3.00000000000,0.00000000000,23.00000000000,1.50000000000,2465.50000000000,95.00000000000,28.00000000000,0.00000000000,1.50000000000,0.00000000000,0.50000000000,0.00000000000,0.00000000000,0.00000000000,0.00000000000,0.00000000000,0.00000000000,0.00000000000,0.00000000000,0.00000000000,0.00000000000,0.00000000000,0.00000000000,0.00000000000
236.00000000000,2825.00000000000,154.50000000000,0.00000000000,0.00000000000,89.50000000000,2759.50000000000,0.00000000000,0.00000000000,8.50000000000,0.00000000000,19.50000000000,567.50000000000,2.50000000000,0.00000000000,13.00000000000,6.00000000000,0.00000000000,67.50000000000,2736.50000000000,96.00000000000,148.00000000000,2.50000000000,117.50000000000,3.00000000000,1.00000000000,0.00000000000,0.00000000000,0.00000000000,0.00000000000,0.00000000000,86.00000000000,146.00000000000,0.00000000000,3.00000000000,0.00000000000,83.00000000000,0.00000000000,114.00000000000,0.00000000000,32.00000000000,174.50000000000,2436.00000000000,0.00000000000,156.50000000000,0.00000000000,18.00000000000,0.50000000000,335.50000000000,0.00000000000,2100.00000000000
237.00000000000,89.50000000000,14.00000000000,0.50000000000,0.00000000000,2759.50000000000,67.50000000000,117.50000000000,2413.50000000000,8.50000000000,0.00000000000,160.50000000000,640.00000000000,2.50000000000,0.00000000000,17.00000000000,5.50000000000,0.00000000000,55.00000000000,0.00000000000,0.00000000000,0.00000000000,0.00000000000,0.00000000000,0.00000000000,148.00000000000,2763.50000000000,0.50000000000,0.00000000000,28.50000000000,0.50000000000,2827.50000000000,90.00000000000,31.00000000000,0.00000000000,1.00000000000,0.00000000000,2.50000000000,0.00000000000,0.00000000000,0.00000000000,0.00000000000,0.00000000000,0.00000000000,0.00000000000,0.00000000000,0.00000000000,0.00000000000,0.00000000000,0.00000000000,0.00000000000
238.00000000000,2760.00000000000,165.00000000000,0.00000000000,0.00000000000,96.00000000000,2789.50000000000,0.00000000000,0.00000000000,8.50000000000,0.00000000000,19.50000000000,579.50000000000,0.00000000000,0.00000000000,10.50000000000,6.50000000000,0.50000000000,67.00000000000,2416.00000000000,88.50000000000,116.00000000000,2.50000000000,139.00000000000,4.50000000000,0.50000000000,0.00000000000,0.00000000000,0.00000000000,0.00000000000,0.00000000000,92.00000000000,141.00000000000,0.00000000000,10.00000000000,0.00000000000,82.00000000000,0.00000000000,94.50000000000,0.00000000000,46.50000000000,148.50000000000,2795.50000000000,0.00000000000,127.50000000000,0.00000000000,21.00000000000,0.50000000000,388.50000000000,0.00000000000,2406.50000000000
239.00000000000,96.00000000000,11.00000000000,0.50000000000,0.00000000000,2789.50000000000,67.00000000000,139.00000000000,2742.50000000000,8.50000000000,0.00000000000,171.50000000000,646.50000000000,0.50000000000,0.50000000000,14.00000000000,7.00000000000,0.00000000000,58.50000000000,0.00000000000,0.00000000000,0.00000000000,0.00000000000,0.00000000000,0.00000000000,116.00000000000,2450.50000000000,2.00000000000,0.00000000000,24.00000000000,1.50000000000,2760.00000000000,101.50000000000,24.00000000000,0.00000000000,0.50000000000,0.00000000000,0.50000000000,0.00000000000,0.00000000000,0.00000000000,0.00000000000,0.00000000000,0.00000000000,0.00000000000,0.00000000000,0.00000000000,0.00000000000,0.00000000000,0.00000000000,0.00000000000
240.00000000000,2791.50000000000,129.50000000000,0.00000000000,0.00000000000,91.00000000000,2483.50000000000,0.00000000000,0.00000000000,8.50000000000,0.00000000000,18.00000000000,581.50000000000,1.50000000000,0.00000000000,11.00000000000,11.50000000000,1.00000000000,68.50000000000,2743.00000000000,101.50000000000,144.00000000000,3.50000000000,133.00000000000,0.00000000000,0.50000000000,0.00000000000,0.00000000000,0.00000000000,0.00000000000,0.00000000000,96.50000000000,156.50000000000,0.00000000000,9.00000000000,0.00000000000,87.50000000000,0.00000000000,105.00000000000,0.00000000000,51.50000000000,163.00000000000,2735.50000000000,0.00000000000,146.00000000000,0.00000000000,17.00000000000,0.00000000000,367.50000000000,0.00000000000,2368.00000000000
241.00000000000,91.00000000000,11.50000000000,0.00000000000,0.00000000000,2483.50000000000,68.50000000000,133.00000000000,2707.50000000000,8.50000000000,0.00000000000,141.00000000000,657.00000000000,1.00000000000,0.00000000000,13.00000000000,7.00000000000,1.00000000000,68.50000000000,0.00000000000,0.00000000000,0.00000000000,0.00000000000,0.00000000000,0.00000000000,144.00000000000,2758.50000000000,2.50000000000,0.00000000000,38.50000000000,0.50000000000,2793.00000000000,103.00000000000,34.00000000000,0.00000000000,0.00000000000,0.00000000000,1.00000000000,0.00000000000,0.00000000000,0.00000000000,0.00000000000,0.00000000000,0.00000000000,0.00000000000,0.00000000000,0.00000000000,0.00000000000,0.00000000000,0.00000000000,0.00000000000
242.00000000000,2486.00000000000,155.00000000000,0.00000000000,0.00000000000,107.00000000000,2788.00000000000,0.00000000000,0.00000000000,8.50000000000,0.00000000000,18.50000000000,580.50000000000,0.50000000000,0.00000000000,9.00000000000,9.50000000000,0.00000000000,57.00000000000,2708.50000000000,102.00000000000,146.00000000000,3.00000000000,145.00000000000,2.00000000000,0.00000000000,0.00000000000,0.00000000000,0.00000000000,0.50000000000,0.00000000000,92.00000000000,128.00000000000,0.00000000000,8.00000000000,0.00000000000,84.00000000000,0.00000000000,87.50000000000,0.00000000000,40.50000000000,167.00000000000,2759.00000000000,0.00000000000,148.50000000000,0.00000000000,18.50000000000,1.00000000000,372.00000000000,0.00000000000,2386.00000000000
243.00000000000,107.00000000000,9.00000000000,1.00000000000,0.00000000000,2788.50000000000,56.50000000000,145.00000000000,2716.00000000000,8.50000000000,0.00000000000,164.50000000000,642.00000000000,1.50000000000,0.00000000000,20.00000000000,7.00000000000,0.50000000000,51.00000000000,0.00000000000,0.00000000000,0.00000000000,0.00000000000,0.00000000000,0.00000000000,146.00000000000,2728.50000000000,1.00000000000,0.00000000000,25.50000000000,1.00000000000,2486.50000000000,101.00000000000,27.50000000000,0.00000000000,1.00000000000,0.00000000000,1.00000000000,0.00000000000,0.00000000000,0.00000000000,0.00000000000,0.00000000000,0.00000000000,0.00000000000,0.00000000000,0.00000000000,0.00000000000,0.00000000000,0.00000000000,0.00000000000
244.00000000000,2789.50000000000,166.00000000000,0.00000000000,0.00000000000,82.00000000000,2753.00000000000,0.00000000000,0.00000000000,8.50000000000,0.00000000000,16.00000000000,583.50000000000,2.00000000000,0.00000000000,11.00000000000,8.00000000000,0.00000000000,67.50000000000,2717.00000000000,101.00000000000,151.00000000000,0.50000000000,130.50000000000,1.50000000000,1.00000000000,0.00000000000,0.00000000000,0.00000000000,0.50000000000,0.00000000000,108.50000000000,143.50000000000,0.00000000000,10.50000000000,0.00000000000,98.00000000000,0.00000000000,95.00000000000,0.00000000000,48.50000000000,172.50000000000,2458.00000000000,0.00000000000,149.50000000000,0.00000000000,23.00000000000,0.00000000000,370.50000000000,0.00000000000,2087.50000000000
245.00000000000,82.00000000000,12.00000000000,0.00000000000,0.00000000000,2753.50000000000,67.00000000000,130.50000000000,2427.50000000000,8.50000000000,0.00000000000,174.00000000000,651.50000000000,2.50000000000,0.00000000000,13.00000000000,5.00000000000,0.00000000000,59.50000000000,0.00000000000,0.00000000000,0.00000000000,0.00000000000,0.00000000000,0.00000000000,151.00000000000,2739.50000000000,2.50000000000,0.00000000000,29.50000000000,1.50000000000,2791.50000000000,111.50000000000,26.00000000000,0.00000000000,1.00000000000,0.00000000000,1.00000000000,0.00000000000,0.00000000000,0.00000000000,0.00000000000,0.00000000000,0.00000000000,0.00000000000,0.00000000000,0.00000000000,0.00000000000,0.00000000000,0.00000000000,0.00000000000
246.00000000000,2756.00000000000,163.00000000000,0.00000000000,0.00000000000,96.50000000000,2768.00000000000,0.00000000000,0.00000000000,8.50000000000,0.00000000000,17.00000000000,587.00000000000,0.50000000000,0.00000000000,11.00000000000,7.50000000000,0.00000000000,83.00000000000,2428.50000000000,111.50000000000,144.00000000000,1.50000000000,136.00000000000,0.50000000000,0.00000000000,0.00000000000,0.00000000000,0.00000000000,0.50000000000,0.00000000000,84.50000000000,158.50000000000,0.00000000000,9.00000000000,0.00000000000,75.50000000000,0.00000000000,88.00000000000,0.00000000000,70.50000000000,156.50000000000,2764.50000000000,0.00000000000,139.00000000000,0.00000000000,17.50000000000,1.00000000000,314.00000000000,0.00000000000,2449.50000000000
247.00000000000,96.50000000000,11.00000000000,1.00000000000,0.00000000000,2768.50000000000,82.50000000000,136.00000000000,2740.00000000000,8.50000000000,0.00000000000,170.50000000000,655.00000000000,2.00000000000,0.00000000000,16.00000000000,7.00000000000,0.00000000000,57.50000000000,0.00000000000,0.00000000000,0.00000000000,0.00000000000,0.00000000000,0.00000000000,144.00000000000,2440.00000000000,1.00000000000,0.00000000000,18.50000000000,1.00000000000,2756.50000000000,90.00000000000,27.00000000000,0.00000000000,0.50000000000,0.00000000000,0.50000000000,0.00000000000,0.00000000000,0.00000000000,0.00000000000,0.00000000000,0.00000000000,0.00000000000,0.00000000000,0.00000000000,0.00000000000,0.00000000000,0.00000000000,0.00000000000
248.00000000000,2769.50000000000,160.00000000000,0.00000000000,0.00000000000,101.00000000000,2478.00000000000,0.00000000000,0.00000000000,8.50000000000,0.00000000000,18.00000000000,590.50000000000,1.00000000000,0.00000000000,9.00000000000,5.00000000000,0.50000000000,75.50000000000,2740.50000000000,90.00000000000,151.50000000000,3.50000000000,127.50000000000,0.50000000000,1.00000000000,0.00000000000,0.00000000000,0.00000000000,0.00000000000,0.00000000000,98.50000000000,152.50000000000,0.00000000000,11.00000000000,0.00000000000,87.50000000000,0.00000000000,105.00000000000,0.00000000000,47.50000000000,163.00000000000,2729.00000000000,0.00000000000,149.00000000000,0.00000000000,14.00000000000,2.00000000000,353.00000000000,0.00000000000,2374.00000000000
249.00000000000,101.00000000000,10.00000000000,2.00000000000,0.00000000000,2478.00000000000,75.50000000000,127.50000000000,2692.50000000000,8.50000000000,0.00000000000,165.00000000000,662.00000000000,2.00000000000,0.00000000000,13.50000000000,6.50000000000,0.00000000000,66.50000000000,0.00000000000,0.00000000000,0.00000000000,0.00000000000,0.00000000000,0.00000000000,151.50000000000,2749.00000000000,0.50000000000,0.00000000000,33.00000000000,0.00000000000,2770.50000000000,107.00000000000,27.00000000000,0.00000000000,0.00000000000,0.00000000000,1.00000000000,0.00000000000,0.00000000000,0.00000000000,0.00000000000,0.00000000000,0.00000000000,0.00000000000,0.00000000000,0.00000000000,0.00000000000,0.00000000000,0.00000000000,0.00000000000
250.00000000000,2478.50000000000,164.50000000000,0.00000000000,0.00000000000,108.50000000000,2782.50000000000,0.00000000000,0.00000000000,8.50000000000,0.00000000000,16.50000000000,589.00000000000,1.00000000000,0.00000000000,15.50000000000,6.00000000000,0.00000000000,75.50000000000,2693.50000000000,106.00000000000,144.50000000000,4.00000000000,144.50000000000,1.50000000000,2.00000000000,0.00000000000,0.00000000000,0.00000000000,1.00000000000,0.00000000000,103.00000000000,149.50000000000,0.00000000000,14.00000000000,0.00000000000,89.00000000000,0.00000000000,104.50000000000,0.00000000000,45.00000000000,154.50000000000,2743.50000000000,0.00000000000,133.50000000000,0.00000000000,21.00000000000,2.50000000000,399.00000000000,0.00000000000,2342.00000000000
251.00000000000,108.50000000000,17.50000000000,2.50000000000,0.00000000000,2783.50000000000,74.50000000000,144.50000000000,2705.00000000000,8.50000000000,0.00000000000,170.50000000000,657.00000000000,1.50000000000,0.00000000000,16.00000000000,9.00000000000,0.00000000000,62.50000000000,0.00000000000,0.00000000000,0.00000000000,0.00000000000,0.00000000000,0.00000000000,144.50000000000,2701.00000000000,1.50000000000,0.00000000000,28.00000000000,1.50000000000,2479.50000000000,103.00000000000,22.50000000000,0.00000000000,1.00000000000,0.00000000000,2.00000000000,0.00000000000,0.00000000000,0.00000000000,0.00000000000,0.00000000000,0.00000000000,0.00000000000,0.00000000000,0.00000000000,0.00000000000,0.00000000000,0.00000000000,0.00000000000
252.00000000000,2785.00000000000,160.50000000000,0.00000000000,0.00000000000,102.50000000000,2734.00000000000,0.00000000000,0.00000000000,8.50000000000,0.00000000000,26.50000000000,585.50000000000,0.50000000000,0.00000000000,12.00000000000,8.50000000000,0.00000000000,73.50000000000,2707.00000000000,102.00000000000,135.00000000000,1.50000000000,129.50000000000,2.50000000000,2.50000000000,0.00000000000,0.00000000000,0.00000000000,0.00000000000,0.00000000000,110.00000000000,153.00000000000,0.00000000000,12.00000000000,0.00000000000,98.00000000000,0.00000000000,116.50000000000,0.00000000000,36.50000000000,167.00000000000,2456.00000000000,0.00000000000,150.00000000000,0.00000000000,17.00000000000,0.00000000000,419.00000000000,0.00000000000,2037.00000000000
253.00000000000,102.50000000000,14.50000000000,0.00000000000,0.00000000000,2734.00000000000,73.50000000000,129.50000000000,2427.50000000000,8.50000000000,0.00000000000,169.00000000000,656.50000000000,0.50000000000,0.00000000000,15.50000000000,5.00000000000,0.50000000000,57.00000000000,0.00000000000,0.00000000000,0.00000000000,0.00000000000,0.00000000000,0.00000000000,135.00000000000,2740.00000000000,1.00000000000,0.50000000000,26.50000000000,2.50000000000,2785.50000000000,124.00000000000,33.00000000000,0.00000000000,0.00000000000,0.00000000000,0.50000000000,0.00000000000,0.00000000000,0.00000000000,0.00000000000,0.00000000000,0.00000000000,0.00000000000,0.00000000000,0.00000000000,0.00000000000,0.00000000000,0.00000000000,0.00000000000
254.00000000000,2735.00000000000,151.50000000000,0.00000000000,0.00000000000,100.00000000000,2768.50000000000,0.00000000000,0.00000000000,8.50000000000,0.00000000000,19.50000000000,594.00000000000,0.00000000000,0.00000000000,14.50000000000,7.00000000000,0.00000000000,76.00000000000,2428.00000000000,123.50000000000,127.00000000000,2.50000000000,154.00000000000,2.50000000000,0.00000000000,0.00000000000,0.00000000000,0.00000000000,0.00000000000,0.00000000000,103.00000000000,153.50000000000,0.00000000000,11.00000000000,0.00000000000,92.00000000000,0.00000000000,115.50000000000,0.00000000000,38.00000000000,162.50000000000,2752.50000000000,0.00000000000,139.50000000000,0.00000000000,23.00000000000,1.00000000000,415.00000000000,0.00000000000,2336.50000000000
255.00000000000,100.00000000000,14.50000000000,1.00000000000,0.00000000000,2768.50000000000,76.00000000000,154.00000000000,2721.00000000000,8.50000000000,0.00000000000,158.50000000000,664.50000000000,2.00000000000,0.00000000000,12.00000000000,6.00000000000,0.00000000000,63.50000000000,0.00000000000,0.00000000000,0.00000000000,0.00000000000,0.00000000000,0.00000000000,127.00000000000,2463.50000000000,1.00000000000,0.50000000000,28.50000000000,0.50000000000,2735.00000000000,108.00000000000,28.50000000000,0.00000000000,0.50000000000,0.00000000000,0.50000000000,0.00000000000,0.00000000000,0.00000000000,0.00000000000,0.00000000000,0.00000000000,0.00000000000,0.00000000000,0.00000000000,0.00000000000,0.00000000000,0.00000000000,0.00000000000
256.00000000000,2769.50000000000,138.00000000000,0.00000000000,0.00000000000,104.50000000000,2498.50000000000,0.00000000000,0.00000000000,8.50000000000,0.00000000000,20.50000000000,595.00000000000,1.00000000000,0.00000000000,11.00000000000,7.00000000000,0.00000000000,72.50000000000,2721.50000000000,108.00000000000,165.00000000000,2.50000000000,129.00000000000,1.00000000000,1.00000000000,0.00000000000,0.00000000000,0.00000000000,0.50000000000,0.00000000000,102.00000000000,144.50000000000,0.00000000000,12.00000000000,0.00000000000,90.00000000000,0.00000000000,113.00000000000,0.00000000000,31.50000000000,182.50000000000,2706.00000000000,0.00000000000,159.00000000000,0.00000000000,23.50000000000,0.50000000000,409.00000000000,0.00000000000,2296.50000000000
257.00000000000,104.50000000000,12.00000000000,0.50000000000,0.00000000000,2499.00000000000,72.00000000000,129.00000000000,2686.00000000000,8.50000000000,0.00000000000,145.00000000000,660.00000000000,2.50000000000,0.00000000000,13.50000000000,7.00000000000,0.00000000000,60.50000000000,0.00000000000,0.00000000000,0.00000000000,0.00000000000,0.00000000000,0.00000000000,165.00000000000,2737.50000000000,3.00000000000,0.00000000000,30.50000000000,2.00000000000,2770.50000000000,110.50000000000,29.50000000000,0.00000000000,1.00000000000,0.00000000000,0.50000000000,0.00000000000,0.00000000000,0.00000000000,0.00000000000,0.00000000000,0.00000000000,0.00000000000,0.00000000000,0.00000000000,0.00000000000,0.00000000000,0.00000000000,0.00000000000
258.00000000000,2502.00000000000,177.50000000000,0.00000000000,0.00000000000,102.50000000000,2765.50000000000,0.00000000000,0.00000000000,8.50000000000,0.00000000000,19.00000000000,592.50000000000,2.00000000000,0.00000000000,14.00000000000,5.00000000000,0.00000000000,66.00000000000,2686.50000000000,111.00000000000,132.50000000000,1.50000000000,133.50000000000,2.00000000000,0.50000000000,0.00000000000,0.00000000000,0.00000000000,0.00000000000,0.00000000000,107.00000000000,129.00000000000,0.00000000000,12.50000000000,0.00000000000,94.50000000000,0.00000000000,91.00000000000,0.00000000000,38.00000000000,158.50000000000,2740.00000000000,0.00000000000,139.50000000000,0.00000000000,20.50000000000,0.00000000000,410.50000000000,1.50000000000,2328.00000000000
259.00000000000,102.50000000000,14.50000000000,0.00000000000,0.00000000000,2765.50000000000,66.00000000000,133.50000000000,2715.50000000000,8.50000000000,0.00000000000,182.50000000000,650.50000000000,1.00000000000,0.00000000000,15.00000000000,6.50000000000,0.50000000000,60.00000000000,0.00000000000,0.00000000000,0.00000000000,0.00000000000,0.00000000000,0.00000000000,132.50000000000,2714.50000000000,1.50000000000,0.00000000000,25.00000000000,1.00000000000,2504.00000000000,110.00000000000,29.50000000000,0.00000000000,0.50000000000,0.00000000000,0.00000000000,0.00000000000,0.00000000000,0.00000000000,0.00000000000,0.00000000000,0.00000000000,0.00000000000,0.00000000000,0.00000000000,0.00000000000,0.00000000000,0.00000000000,0.00000000000
260.00000000000,2767.00000000000,147.00000000000,0.00000000000,0.00000000000,91.00000000000,2748.50000000000,0.00000000000,0.00000000000,8.50000000000,0.00000000000,21.00000000000,583.50000000000,1.50000000000,0.00000000000,9.00000000000,5.00000000000,0.00000000000,68.00000000000,2715.50000000000,110.50000000000,143.00000000000,1.00000000000,134.00000000000,2.00000000000,0.00000000000,0.00000000000,0.00000000000,0.00000000000,0.00000000000,0.00000000000,103.50000000000,167.00000000000,0.00000000000,13.00000000000,0.00000000000,90.50000000000,0.00000000000,101.50000000000,0.00000000000,65.50000000000,163.00000000000,2474.00000000000,0.50000000000,145.00000000000,0.00000000000,17.50000000000,0.00000000000,343.50000000000,0.00000000000,2130.50000000000
261.00000000000,91.00000000000,9.00000000000,0.00000000000,0.00000000000,2748.50000000000,68.00000000000,134.00000000000,2449.50000000000,9.00000000000,0.00000000000,152.00000000000,677.50000000000,0.00000000000,0.00000000000,14.50000000000,6.00000000000,0.00000000000,64.50000000000,0.00000000000,0.00000000000,0.00000000000,0.00000000000,0.00000000000,0.00000000000,143.00000000000,2736.00000000000,1.00000000000,0.00000000000,31.00000000000,1.00000000000,2768.50000000000,114.00000000000,32.00000000000,0.00000000000,0.00000000000,0.00000000000,1.00000000000,0.00000000000,0.00000000000,0.00000000000,0.00000000000,0.00000000000,0.00000000000,0.00000000000,0.00000000000,0.00000000000,0.00000000000,0.00000000000,0.00000000000,0.00000000000
262.00000000000,2749.50000000000,157.50000000000,0.00000000000,0.00000000000,99.00000000000,2768.50000000000,0.00000000000,0.00000000000,9.00000000000,0.00000000000,15.00000000000,607.00000000000,1.50000000000,0.00000000000,10.00000000000,9.50000000000,1.50000000000,63.00000000000,2450.50000000000,113.00000000000,134.50000000000,2.00000000000,136.00000000000,1.50000000000,0.00000000000,0.00000000000,0.00000000000,0.00000000000,0.00000000000,0.00000000000,91.00000000000,137.50000000000,0.00000000000,10.50000000000,0.00000000000,80.50000000000,0.00000000000,87.00000000000,0.00000000000,50.50000000000,166.00000000000,2736.50000000000,0.00000000000,147.00000000000,0.00000000000,19.00000000000,0.50000000000,356.50000000000,0.00000000000,2379.50000000000
263.00000000000,99.00000000000,10.00000000000,0.50000000000,0.00000000000,2768.50000000000,63.00000000000,136.00000000000,2713.50000000000,9.00000000000,0.00000000000,167.00000000000,670.50000000000,1.50000000000,0.00000000000,14.50000000000,6.00000000000,0.50000000000,62.00000000000,0.00000000000,0.00000000000,0.00000000000,0.00000000000,0.00000000000,0.00000000000,134.50000000000,2481.50000000000,2.00000000000,0.50000000000,29.50000000000,0.50000000000,2751.00000000000,96.00000000000,28.00000000000,0.00000000000,1.50000000000,0.00000000000,1.00000000000,0.00000000000,1.00000000000,0.00000000000,0.00000000000,0.00000000000,0.00000000000,0.00000000000,0.00000000000,0.00000000000,0.00000000000,0.00000000000,0.00000000000,0.00000000000
264.00000000000,2770.50000000000,147.00000000000,0.00000000000,0.00000000000,92.50000000000,2514.00000000000,0.00000000000,0.00000000000,9.00000000000,0.00000000000,16.00000000000,602.00000000000,0.50000000000,0.00000000000,12.00000000000,6.00000000000,0.00000000000,73.50000000000,2714.50000000000,95.50000000000,127.00000000000,3.00000000000,143.00000000000,0.50000000000,0.50000000000,0.00000000000,0.00000000000,0.00000000000,0.00000000000,0.00000000000,100.50000000000,151.50000000000,0.00000000000,11.00000000000,0.00000000000,89.50000000000,0.00000000000,108.00000000000,0.00000000000,43.50000000000,164.00000000000,2722.50000000000,0.00000000000,146.50000000000,0.00000000000,17.50000000000,0.50000000000,377.00000000000,0.00000000000,2345.00000000000
265.00000000000,92.50000000000,12.50000000000,0.50000000000,0.00000000000,2514.00000000000,73.50000000000,143.00000000000,2677.00000000000,9.00000000000,0.00000000000,153.00000000000,674.00000000000,1.50000000000,0.00000000000,17.50000000000,4.50000000000,0.50000000000,65.50000000000,0.00000000000,0.00000000000,0.00000000000,0.00000000000,0.00000000000,0.00000000000,127.00000000000,2749.00000000000,1.00000000000,0.00000000000,28.00000000000,1.50000000000,2771.00000000000,104.00000000000,30.50000000000,0.00000000000,0.50000000000,0.00000000000,0.50000000000,0.00000000000,0.00000000000,0.00000000000,0.00000000000,0.00000000000,0.00000000000,0.00000000000,0.00000000000,0.00000000000,0.00000000000,0.00000000000,0.00000000000,0.00000000000
266.00000000000,2515.00000000000,145.00000000000,0.00000000000,0.00000000000,101.50000000000,2785.00000000000,0.00000000000,0.00000000000,9.00000000000,0.00000000000,17.00000000000,603.50000000000,1.00000000000,0.00000000000,8.50000000000,8.50000000000,0.50000000000,71.00000000000,2677.50000000000,104.00000000000,137.00000000000,2.50000000000,140.50000000000,3.50000000000,0.50000000000,0.00000000000,0.00000000000,0.00000000000,0.00000000000,0.00000000000,94.00000000000,134.50000000000,0.00000000000,9.00000000000,0.00000000000,85.00000000000,0.00000000000,102.50000000000,0.00000000000,32.00000000000,173.50000000000,2740.00000000000,0.00000000000,156.50000000000,0.00000000000,17.00000000000,0.50000000000,354.00000000000,0.00000000000,2385.50000000000
267.00000000000,101.50000000000,9.00000000000,0.50000000000,0.00000000000,2785.00000000000,71.00000000000,140.50000000000,2702.00000000000,9.00000000000,0.00000000000,153.50000000000,658.00000000000,1.00000000000,0.00000000000,14.00000000000,4.50000000000,0.50000000000,74.50000000000,0.00000000000,0.00000000000,0.00000000000,0.00000000000,0.00000000000,0.00000000000,137.00000000000,2715.00000000000,1.00000000000,0.00000000000,33.00000000000,1.00000000000,2516.00000000000,102.00000000000,25.00000000000,0.00000000000,0.50000000000,0.00000000000,0.50000000000,0.00000000000,0.50000000000,0.00000000000,0.00000000000,0.00000000000,0.00000000000,0.00000000000,0.00000000000,0.00000000000,0.00000000000,0.00000000000,0.00000000000,0.00000000000
268.00000000000,2786.00000000000,151.00000000000,0.00000000000,0.00000000000,104.00000000000,2755.50000000000,0.00000000000,0.00000000000,9.00000000000,0.00000000000,13.50000000000,578.50000000000,0.50000000000,0.00000000000,11.50000000000,8.00000000000,0.00000000000,65.50000000000,2702.50000000000,101.50000000000,142.50000000000,1.50000000000,113.00000000000,3.00000000000,0.50000000000,0.00000000000,0.00000000000,0.00000000000,0.00000000000,0.00000000000,102.50000000000,139.00000000000,0.00000000000,8.50000000000,0.00000000000,94.00000000000,0.00000000000,100.50000000000,0.00000000000,38.50000000000,165.50000000000,2491.00000000000,0.00000000000,146.50000000000,0.00000000000,19.00000000000,0.50000000000,347.00000000000,0.00000000000,2143.50000000000
269.00000000000,104.00000000000,12.00000000000,0.50000000000,0.00000000000,2755.50000000000,65.50000000000,113.00000000000,2477.50000000000,9.00000000000,0.00000000000,159.00000000000,644.00000000000,1.50000000000,0.00000000000,21.00000000000,4.00000000000,0.00000000000,71.00000000000,0.00000000000,0.00000000000,0.00000000000,0.00000000000,0.00000000000,0.00000000000,142.50000000000,2727.00000000000,3.00000000000,0.00000000000,25.00000000000,1.50000000000,2786.50000000000,104.00000000000,29.00000000000,0.00000000000,1.00000000000,0.00000000000,0.00000000000,0.00000000000,0.00000000000,0.00000000000,0.00000000000,0.00000000000,0.00000000000,0.00000000000,0.00000000000,0.00000000000,0.00000000000,0.00000000000,0.00000000000,0.00000000000
270.00000000000,2758.50000000000,162.00000000000,0.00000000000,0.00000000000,90.50000000000,2771.50000000000,0.00000000000,0.00000000000,9.00000000000,0.00000000000,16.00000000000,569.00000000000,1.00000000000,0.00000000000,14.50000000000,4.00000000000,0.00000000000,79.00000000000,2477.50000000000,105.00000000000,123.00000000000,1.50000000000,150.50000000000,3.50000000000,0.50000000000,0.00000000000,0.50000000000,0.00000000000,1.00000000000,0.00000000000,105.50000000000,136.50000000000,0.00000000000,9.00000000000,0.00000000000,96.50000000000,0.00000000000,72.50000000000,0.00000000000,64.00000000000,142.00000000000,2756.50000000000,0.00000000000,127.50000000000,0.00000000000,14.50000000000,2.50000000000,389.50000000000,0.00000000000,2364.50000000000
271.00000000000,91.00000000000,14.50000000000,2.50000000000,0.00000000000,2772.50000000000,78.00000000000,150.50000000000,2706.50000000000,9.00000000000,0.00000000000,166.00000000000,622.50000000000,2.50000000000,0.00000000000,16.50000000000,11.50000000000,0.00000000000,61.50000000000,0.00000000000,0.00000000000,0.00000000000,0.00000000000,0.00000000000,0.00000000000,123.00000000000,2498.50000000000,1.50000000000,0.00000000000,24.50000000000,0.00000000000,2759.50000000000,106.00000000000,30.50000000000,0.00000000000,1.50000000000,0.00000000000,0.50000000000,0.00000000000,0.00000000000,0.00000000000,0.00000000000,0.00000000000,0.00000000000,0.00000000000,0.00000000000,0.00000000000,0.00000000000,0.00000000000,0.00000000000,0.00000000000
272.00000000000,2774.00000000000,138.00000000000,0.00000000000,0.00000000000,102.50000000000,2535.50000000000,0.00000000000,0.00000000000,9.00000000000,0.00000000000,26.00000000000,549.50000000000,0.50000000000,0.00000000000,14.00000000000,6.50000000000,0.50000000000,62.50000000000,2707.00000000000,107.00000000000,132.00000000000,2.00000000000,133.00000000000,1.00000000000,2.50000000000,0.00000000000,0.00000000000,0.00000000000,0.00000000000,0.00000000000,93.50000000000,147.00000000000,0.00000000000,10.00000000000,0.00000000000,83.50000000000,0.00000000000,91.50000000000,0.00000000000,55.50000000000,181.00000000000,2727.50000000000,0.00000000000,158.50000000000,0.00000000000,22.50000000000,2.50000000000,402.50000000000,0.00000000000,2322.50000000000
273.00000000000,102.50000000000,16.50000000000,2.50000000000,0.00000000000,2535.50000000000,62.50000000000,133.00000000000,2700.00000000000,9.00000000000,0.00000000000,144.50000000000,627.00000000000,2.50000000000,0.00000000000,11.00000000000,4.00000000000,0.00000000000,65.50000000000,0.00000000000,0.00000000000,0.00000000000,0.00000000000,0.00000000000,0.00000000000,132.00000000000,2755.00000000000,2.50000000000,0.00000000000,26.00000000000,2.00000000000,2774.50000000000,105.50000000000,28.50000000000,0.00000000000,1.00000000000,0.00000000000,1.50000000000,0.00000000000,0.00000000000,0.00000000000,0.00000000000,0.00000000000,0.00000000000,0.00000000000,0.00000000000,0.00000000000,0.00000000000,0.00000000000,0.00000000000,0.00000000000
274.00000000000,2538.00000000000,142.50000000000,0.00000000000,0.00000000000,88.50000000000,2792.50000000000,0.00000000000,0.00000000000,9.00000000000,0.00000000000,20.50000000000,557.50000000000,2.00000000000,0.00000000000,9.00000000000,5.50000000000,0.00000000000,68.50000000000,2701.50000000000,105.00000000000,135.00000000000,2.00000000000,134.00000000000,2.00000000000,2.50000000000,0.00000000000,0.00000000000,0.00000000000,0.50000000000,0.00000000000,105.00000000000,131.00000000000,0.00000000000,14.50000000000,0.00000000000,90.50000000000,0.00000000000,89.00000000000,0.00000000000,42.00000000000,161.50000000000,2745.00000000000,0.50000000000,137.00000000000,0.00000000000,24.00000000000,1.00000000000,423.00000000000,0.00000000000,2321.00000000000
275.00000000000,88.50000000000,11.50000000000,1.00000000000,0.00000000000,2793.00000000000,68.00000000000,134.00000000000,2715.00000000000,9.50000000000,0.00000000000,148.00000000000,614.50000000000,1.50000000000,0.00000000000,12.50000000000,6.00000000000,0.50000000000,49.50000000000,0.00000000000,0.00000000000,0.00000000000,0.00000000000,0.00000000000,0.00000000000,135.00000000000,2727.50000000000,1.50000000000,0.50000000000,27.00000000000,0.50000000000,2540.00000000000,114.50000000000,23.00000000000,0.00000000000,2.00000000000,0.00000000000,0.00000000000,0.00000000000,0.00000000000,0.00000000000,0.00000000000,0.00000000000,0.00000000000,0.00000000000,0.00000000000,0.00000000000,0.00000000000,0.00000000000,0.00000000000,0.00000000000
276.00000000000,2794.50000000000,146.00000000000,0.00000000000,0.00000000000,95.00000000000,2750.00000000000,0.00000000000,0.00000000000,9.50000000000,0.00000000000,17.50000000000,558.50000000000,1.50000000000,0.00000000000,5.50000000000,7.00000000000,0.00000000000,63.50000000000,2715.00000000000,116.50000000000,150.00000000000,3.00000000000,122.00000000000,2.00000000000,1.00000000000,0.00000000000,0.00000000000,0.00000000000,0.50000000000,0.00000000000,90.00000000000,134.50000000000,0.00000000000,5.50000000000,0.00000000000,84.50000000000,0.00000000000,89.00000000000,0.00000000000,45.50000000000,157.00000000000,2515.00000000000,0.00000000000,141.00000000000,0.00000000000,16.00000000000,0.50000000000,336.00000000000,0.00000000000,2178.50000000000
277.00000000000,95.00000000000,6.50000000000,0.50000000000,0.00000000000,2750.50000000000,63.00000000000,122.00000000000,2510.00000000000,9.50000000000,0.00000000000,153.00000000000,622.50000000000,1.50000000000,0.00000000000,15.00000000000,5.50000000000,0.00000000000,59.50000000000,0.00000000000,0.00000000000,0.00000000000,0.00000000000,0.00000000000,0.00000000000,150.00000000000,2721.00000000000,3.00000000000,0.00000000000,27.00000000000,1.00000000000,2796.00000000000,100.50000000000,29.00000000000,0.00000000000,1.50000000000,0.00000000000,0.50000000000,0.00000000000,0.00000000000,0.00000000000,0.00000000000,0.00000000000,0.00000000000,0.00000000000,0.00000000000,0.00000000000,0.00000000000,0.00000000000,0.00000000000,0.00000000000
278.00000000000,2753.50000000000,163.00000000000,0.00000000000,0.00000000000,90.00000000000,2752.50000000000,0.00000000000,0.00000000000,9.50000000000,0.00000000000,12.00000000000,557.50000000000,0.50000000000,0.00000000000,13.00000000000,6.50000000000,0.00000000000,60.00000000000,2510.50000000000,101.50000000000,124.00000000000,1.50000000000,156.00000000000,1.50000000000,0.50000000000,0.00000000000,0.00000000000,0.00000000000,0.50000000000,0.00000000000,96.50000000000,136.50000000000,0.00000000000,9.50000000000,0.00000000000,87.00000000000,0.00000000000,91.50000000000,0.00000000000,45.00000000000,151.00000000000,2765.50000000000,0.00000000000,133.00000000000,0.00000000000,18.00000000000,1.50000000000,376.00000000000,0.00000000000,2388.00000000000
279.00000000000,90.00000000000,13.50000000000,1.50000000000,0.00000000000,2753.00000000000,59.50000000000,156.00000000000,2709.50000000000,9.50000000000,0.00000000000,169.50000000000,627.50000000000,2.50000000000,0.00000000000,13.50000000000,4.50000000000,0.00000000000,63.50000000000,0.00000000000,0.00000000000,0.00000000000,0.00000000000,0.00000000000,0.00000000000,124.00000000000,2537.50000000000,2.00000000000,0.00000000000,24.00000000000,1.00000000000,2754.00000000000,95.00000000000,28.00000000000,0.00000000000,1.50000000000,0.00000000000,0.50000000000,0.00000000000,0.00000000000,0.00000000000,0.00000000000,0.00000000000,0.00000000000,0.00000000000,0.00000000000,0.00000000000,0.00000000000,0.00000000000,0.00000000000,0.00000000000
280.00000000000,2755.00000000000,136.50000000000,0.00000000000,0.00000000000,83.50000000000,2576.00000000000,0.00000000000,0.00000000000,9.50000000000,0.00000000000,18.00000000000,559.50000000000,1.50000000000,0.00000000000,9.00000000000,8.00000000000,0.50000000000,65.50000000000,2710.00000000000,96.00000000000,137.50000000000,0.50000000000,148.50000000000,1.00000000000,1.50000000000,0.00000000000,0.00000000000,0.00000000000,0.50000000000,0.00000000000,92.50000000000,153.50000000000,0.00000000000,13.50000000000,0.00000000000,79.00000000000,0.00000000000,102.50000000000,0.00000000000,51.00000000000,184.00000000000,2724.50000000000,0.00000000000,161.00000000000,0.00000000000,23.00000000000,1.50000000000,368.00000000000,0.00000000000,2355.00000000000
281.00000000000,83.50000000000,10.50000000000,1.50000000000,0.00000000000,2576.50000000000,65.00000000000,148.50000000000,2670.00000000000,9.50000000000,0.00000000000,144.50000000000,639.00000000000,3.50000000000,0.00000000000,11.50000000000,4.50000000000,0.50000000000,66.00000000000,0.00000000000,0.00000000000,0.00000000000,0.00000000000,0.00000000000,0.00000000000,137.50000000000,2757.00000000000,1.00000000000,0.00000000000,23.50000000000,1.00000000000,2756.50000000000,100.50000000000,32.00000000000,0.00000000000,1.00000000000,0.00000000000,1.50000000000,0.00000000000,0.00000000000,0.00000000000,0.00000000000,0.00000000000,0.00000000000,0.00000000000,0.00000000000,0.00000000000,0.00000000000,0.00000000000,0.00000000000,0.00000000000
282.00000000000,2577.50000000000,149.00000000000,0.00000000000,0.00000000000,88.50000000000,2798.50000000000,0.00000000000,0.00000000000,9.50000000000,0.00000000000,15.00000000000,568.00000000000,2.50000000000,0.00000000000,10.50000000000,5.00000000000,0.50000000000,52.00000000000,2671.50000000000,100.00000000000,137.50000000000,1.00000000000,140.00000000000,2.50000000000,1.50000000000,0.00000000000,0.00000000000,0.00000000000,0.00000000000,0.00000000000,87.00000000000,130.00000000000,0.00000000000,7.50000000000,0.00000000000,79.50000000000,0.00000000000,94.50000000000,0.00000000000,35.50000000000,180.50000000000,2723.50000000000,0.00000000000,162.50000000000,0.00000000000,18.00000000000,1.50000000000,327.50000000000,0.00000000000,2394.50000000000
283.00000000000,88.50000000000,12.00000000000,1.50000000000,0.00000000000,2798.50000000000,52.00000000000,140.00000000000,2680.50000000000,9.50000000000,0.00000000000,154.00000000000,640.50000000000,2.00000000000,0.00000000000,15.00000000000,5.50000000000,0.50000000000,58.00000000000,0.00000000000,0.00000000000,0.00000000000,0.00000000000,0.00000000000,0.00000000000,137.50000000000,2716.00000000000,1.50000000000,0.00000000000,24.00000000000,0.50000000000,2580.00000000000,89.50000000000,23.00000000000,0.00000000000,0.50000000000,0.00000000000,2.00000000000,0.00000000000,0.00000000000,0.00000000000,0.00000000000,0.00000000000,0.00000000000,0.00000000000,0.00000000000,0.00000000000,0.00000000000,0.00000000000,0.00000000000,0.00000000000
284.00000000000,2800.00000000000,151.50000000000,0.00000000000,0.00000000000,76.00000000000,2749.50000000000,0.00000000000,0.00000000000,9.50000000000,0.00000000000,17.50000000000,576.50000000000,0.50000000000,0.00000000000,13.00000000000,9.00000000000,0.00000000000,72.00000000000,2682.50000000000,88.00000000000,151.50000000000,1.00000000000,127.50000000000,2.00000000000,1.50000000000,0.00000000000,0.00000000000,0.00000000000,0.00000000000,0.50000000000,90.50000000000,137.50000000000,0.00000000000,10.00000000000,0.00000000000,80.50000000000,0.00000000000,89.00000000000,0.00000000000,48.50000000000,163.00000000000,2556.50000000000,0.00000000000,147.00000000000,0.00000000000,16.00000000000,1.00000000000,336.50000000000,0.00000000000,2219.00000000000
285.00000000000,76.00000000000,15.00000000000,1.00000000000,0.00000000000,2749.50000000000,71.50000000000,127.50000000000,2515.00000000000,9.50000000000,0.00000000000,160.50000000000,633.00000000000,1.00000000000,0.00000000000,16.00000000000,4.00000000000,0.50000000000,63.50000000000,0.00000000000,0.00000000000,0.00000000000,0.00000000000,0.00000000000,0.00000000000,151.50000000000,2695.00000000000,1.50000000000,0.00000000000,24.00000000000,0.00000000000,2800.50000000000,94.50000000000,24.50000000000,0.00000000000,2.00000000000,0.00000000000,0.50000000000,0.00000000000,0.00000000000,0.00000000000,0.00000000000,0.00000000000,0.00000000000,0.00000000000,0.00000000000,0.00000000000,0.00000000000,0.00000000000,0.00000000000,0.00000000000
286.00000000000,2751.00000000000,166.00000000000,0.00000000000,0.00000000000,95.50000000000,2734.50000000000,0.00000000000,0.00000000000,9.50000000000,0.00000000000,19.00000000000,565.00000000000,0.50000000000,0.00000000000,7.00000000000,8.00000000000,0.00000000000,69.00000000000,2515.50000000000,96.00000000000,120.50000000000,2.50000000000,144.00000000000,1.50000000000,1.00000000000,0.00000000000,0.00000000000,0.00000000000,0.00000000000,0.00000000000,77.00000000000,144.00000000000,0.00000000000,10.50000000000,0.00000000000,66.50000000000,0.00000000000,93.50000000000,0.00000000000,50.50000000000,152.00000000000,2774.00000000000,0.00000000000,136.00000000000,0.00000000000,16.00000000000,1.50000000000,323.00000000000,0.00000000000,2449.50000000000
287.00000000000,95.50000000000,8.00000000000,1.50000000000,0.00000000000,2734.50000000000,69.00000000000,144.00000000000,2725.50000000000,9.50000000000,0.00000000000,174.00000000000,632.00000000000,1.00000000000,0.00000000000,16.00000000000,3.00000000000,0.00000000000,50.00000000000,0.00000000000,0.00000000000,0.00000000000,0.00000000000,0.00000000000,0.00000000000,120.50000000000,2546.00000000000,2.00000000000,0.50000000000,29.50000000000,0.00000000000,2751.50000000000,88.50000000000,21.50000000000,0.00000000000,0.00000000000,0.00000000000,1.50000000000,0.00000000000,0.00000000000,0.00000000000,0.00000000000,0.00000000000,0.00000000000,0.00000000000,0.00000000000,0.00000000000,0.00000000000,0.00000000000,0.00000000000,0.00000000000
288.00000000000,2736.50000000000,134.00000000000,0.00000000000,0.00000000000,98.50000000000,2567.00000000000,0.00000000000,0.00000000000,9.50000000000,0.00000000000,11.00000000000,579.00000000000,0.00000000000,0.00000000000,8.50000000000,4.50000000000,0.50000000000,70.00000000000,2727.00000000000,87.00000000000,150.50000000000,1.00000000000,138.00000000000,1.50000000000,1.50000000000,0.00000000000,0.00000000000,0.00000000000,0.50000000000,0.00000000000,96.50000000000,157.00000000000,0.00000000000,10.00000000000,0.00000000000,86.50000000000,0.00000000000,120.50000000000,0.00000000000,36.50000000000,165.50000000000,2730.00000000000,0.00000000000,147.50000000000,0.00000000000,18.00000000000,1.00000000000,315.00000000000,0.00000000000,2414.00000000000
289.00000000000,98.50000000000,10.00000000000,1.00000000000,0.00000000000,2567.50000000000,69.50000000000,138.00000000000,2677.50000000000,9.50000000000,0.00000000000,138.50000000000,661.00000000000,2.50000000000,0.00000000000,16.00000000000,8.00000000000,0.00000000000,54.00000000000,0.00000000000,0.00000000000,0.00000000000,0.00000000000,0.00000000000,0.00000000000,150.50000000000,2742.50000000000,1.00000000000,0.00000000000,25.00000000000,1.00000000000,2736.50000000000,99.50000000000,24.50000000000,0.00000000000,1.00000000000,0.00000000000,1.50000000000,0.00000000000,0.50000000000,0.00000000000,0.00000000000,0.00000000000,0.00000000000,0.00000000000,0.00000000000,0.00000000000,0.00000000000,0.00000000000,0.00000000000,0.00000000000
290.00000000000,2568.50000000000,166.50000000000,0.00000000000,0.00000000000,94.50000000000,2770.50000000000,0.00000000000,0.00000000000,9.50000000000,0.00000000000,18.00000000000,599.00000000000,1.50000000000,0.00000000000,13.50000000000,6.00000000000,0.50000000000,73.50000000000,2679.00000000000,98.50000000000,150.00000000000,1.50000000000,143.00000000000,2.00000000000,1.00000000000,0.00000000000,0.00000000000,0.00000000000,0.50000000000,0.00000000000,101.00000000000,120.00000000000,0.00000000000,11.50000000000,0.00000000000,89.50000000000,0.00000000000,92.00000000000,0.00000000000,28.00000000000,162.50000000000,2711.50000000000,0.00000000000,140.50000000000,0.00000000000,22.00000000000,1.50000000000,378.50000000000,0.00000000000,2331.50000000000
291.00000000000,94.50000000000,14.50000000000,1.50000000000,0.00000000000,2771.00000000000,73.00000000000,143.00000000000,2665.00000000000,9.50000000000,0.00000000000,172.50000000000,639.00000000000,1.50000000000,0.00000000000,18.00000000000,7.50000000000,0.00000000000,60.00000000000,0.00000000000,0.00000000000,0.00000000000,0.00000000000,0.00000000000,0.00000000000,150.00000000000,2692.00000000000,1.00000000000,0.00000000000,23.50000000000,0.50000000000,2570.00000000000,104.50000000000,24.00000000000,0.00000000000,3.00000000000,0.00000000000,1.00000000000,0.00000000000,0.00000000000,0.00000000000,0.00000000000,0.00000000000,0.00000000000,0.00000000000,0.00000000000,0.00000000000,0.00000000000,0.00000000000,0.00000000000,0.00000000000
292.00000000000,2772.00000000000,167.50000000000,0.00000000000,0.00000000000,96.50000000000,2728.00000000000,0.00000000000,0.00000000000,9.50000000000,0.00000000000,22.00000000000,571.50000000000,0.50000000000,0.00000000000,12.00000000000,6.00000000000,0.50000000000,57.50000000000,2666.00000000000,106.50000000000,147.00000000000,1.50000000000,138.00000000000,1.00000000000,1.50000000000,0.00000000000,0.00000000000,0.00000000000,0.50000000000,0.00000000000,96.00000000000,153.00000000000,0.00000000000,12.50000000000,0.00000000000,83.50000000000,0.00000000000,112.50000000000,0.00000000000,40.50000000000,167.00000000000,2543.00000000000,0.00000000000,151.00000000000,0.00000000000,16.00000000000,0.50000000000,340.50000000000,0.00000000000,2202.00000000000
293.00000000000,96.50000000000,13.50000000000,0.50000000000,0.00000000000,2728.50000000000,57.00000000000,138.00000000000,2511.50000000000,9.50000000000,0.00000000000,173.50000000000,660.50000000000,2.00000000000,0.00000000000,16.50000000000,4.50000000000,0.00000000000,68.00000000000,0.00000000000,0.00000000000,0.00000000000,0.00000000000,0.00000000000,0.00000000000,147.00000000000,2685.50000000000,1.50000000000,0.00000000000,28.00000000000,1.00000000000,2772.50000000000,106.00000000000,26.00000000000,0.00000000000,1.00000000000,0.00000000000,1.50000000000,0.00000000000,0.00000000000,0.00000000000,0.00000000000,0.00000000000,0.00000000000,0.00000000000,0.00000000000,0.00000000000,0.00000000000,0.00000000000,0.00000000000,0.00000000000
294.00000000000,2730.00000000000,163.00000000000,0.00000000000,0.00000000000,85.00000000000,2724.50000000000,0.00000000000,0.00000000000,9.50000000000,0.00000000000,18.00000000000,588.00000000000,0.00000000000,0.50000000000,10.00000000000,5.00000000000,0.00000000000,63.50000000000,2513.00000000000,105.50000000000,138.50000000000,1.50000000000,132.50000000000,1.50000000000,0.50000000000,0.00000000000,0.00000000000,0.00000000000,0.00000000000,0.00000000000,98.50000000000,155.00000000000,0.00000000000,7.50000000000,0.00000000000,91.00000000000,0.00000000000,100.00000000000,0.00000000000,55.00000000000,164.00000000000,2745.50000000000,0.00000000000,150.50000000000,0.00000000000,13.50000000000,1.50000000000,377.50000000000,0.00000000000,2366.50000000000
295.00000000000,85.00000000000,10.50000000000,1.50000000000,0.00000000000,2724.50000000000,63.50000000000,132.50000000000,2717.00000000000,9.50000000000,0.00000000000,168.00000000000,675.00000000000,2.50000000000,0.00000000000,15.50000000000,8.00000000000,0.00000000000,64.00000000000,0.00000000000,0.00000000000,0.00000000000,0.00000000000,0.00000000000,0.00000000000,138.50000000000,2538.50000000000,0.50000000000,0.00000000000,24.50000000000,1.50000000000,2730.00000000000,106.00000000000,25.00000000000,0.00000000000,0.50000000000,0.00000000000,0.50000000000,0.00000000000,0.50000000000,0.00000000000,0.00000000000,0.00000000000,0.00000000000,0.00000000000,0.00000000000,0.00000000000,0.00000000000,0.00000000000,0.00000000000,0.00000000000
296.00000000000,2725.00000000000,155.00000000000,0.00000000000,0.00000000000,88.00000000000,2576.50000000000,0.00000000000,0.00000000000,9.50000000000,0.00000000000,18.50000000000,603.00000000000,1.00000000000,0.00000000000,14.50000000000,5.50000000000,0.00000000000,64.50000000000,2717.50000000000,105.50000000000,149.50000000000,1.00000000000,138.50000000000,0.50000000000,1.50000000000,0.00000000000,0.50000000000,0.00000000000,0.00000000000,0.00000000000,87.50000000000,150.00000000000,0.00000000000,10.50000000000,0.00000000000,77.00000000000,0.00000000000,98.50000000000,0.00000000000,51.50000000000,157.50000000000,2705.00000000000,0.00000000000,138.00000000000,0.00000000000,19.50000000000,1.00000000000,306.00000000000,0.00000000000,2398.00000000000
297.00000000000,88.50000000000,15.50000000000,1.00000000000,0.00000000000,2576.50000000000,64.50000000000,138.50000000000,2671.50000000000,9.50000000000,0.00000000000,160.50000000000,683.00000000000,1.00000000000,0.00000000000,16.50000000000,7.00000000000,1.50000000000,59.00000000000,0.00000000000,0.00000000000,0.00000000000,0.00000000000,0.00000000000,0.00000000000,149.50000000000,2725.00000000000,2.00000000000,0.00000000000,24.00000000000,1.00000000000,2726.00000000000,90.50000000000,32.50000000000,0.00000000000,1.50000000000,0.00000000000,1.00000000000,0.00000000000,0.00000000000,0.00000000000,0.00000000000,0.00000000000,0.00000000000,0.00000000000,0.00000000000,0.00000000000,0.00000000000,0.00000000000,0.00000000000,0.00000000000
298.00000000000,2578.50000000000,165.00000000000,0.00000000000,0.00000000000,88.50000000000,2759.00000000000,0.00000000000,0.00000000000,9.50000000000,0.00000000000,22.50000000000,615.50000000000,0.50000000000,0.50000000000,12.00000000000,11.50000000000,0.00000000000,76.50000000000,2672.50000000000,91.00000000000,141.50000000000,0.00000000000,134.00000000000,0.00000000000,1.00000000000,0.00000000000,0.00000000000,0.00000000000,1.00000000000,0.00000000000,89.50000000000,144.50000000000,0.00000000000,15.50000000000,0.00000000000,74.00000000000,0.00000000000,96.50000000000,0.00000000000,48.00000000000,171.00000000000,2692.00000000000,0.00000000000,155.50000000000,0.00000000000,15.50000000000,2.50000000000,279.50000000000,0.00000000000,2410.00000000000
299.00000000000,88.50000000000,13.00000000000,2.50000000000,0.00000000000,2760.00000000000,75.50000000000,134.00000000000,2646.50000000000,9.50000000000,0.00000000000,176.50000000000,672.50000000000,2.00000000000,0.00000000000,19.50000000000,8.00000000000,0.00000000000,66.00000000000,0.00000000000,0.00000000000,0.00000000000,0.00000000000,0.00000000000,0.00000000000,141.50000000000,2702.00000000000,3.00000000000,0.00000000000,29.00000000000,0.50000000000,2579.00000000000,99.00000000000,25.50000000000,0.00000000000,1.00000000000,0.00000000000,3.00000000000,0.00000000000,0.00000000000,0.00000000000,0.00000000000,0.00000000000,0.00000000000,0.00000000000,0.00000000000,0.00000000000,0.00000000000,0.00000000000,0.00000000000,0.00000000000
300.00000000000,2763.00000000000,158.50000000000,0.00000000000,0.00000000000,104.50000000000,2738.50000000000,0.00000000000,0.00000000000,9.50000000000,0.00000000000,21.00000000000,598.50000000000,1.00000000000,0.00000000000,12.00000000000,7.00000000000,0.50000000000,72.00000000000,2649.50000000000,97.00000000000,151.00000000000,1.00000000000,125.00000000000,0.00000000000,2.50000000000,0.00000000000,0.00000000000,0.00000000000,0.00000000000,0.00000000000,90.50000000000,155.00000000000,0.00000000000,12.50000000000,0.00000000000,78.00000000000,0.00000000000,80.50000000000,0.00000000000,74.50000000000,159.50000000000,2552.50000000000,0.00000000000,139.50000000000,0.00000000000,20.00000000000,2.00000000000,288.00000000000,0.00000000000,2262.50000000000
301.00000000000,104.50000000000,14.50000000000,2.00000000000,0.00000000000,2738.50000000000,72.00000000000,125.00000000000,2523.50000000000,9.50000000000,0.00000000000,165.50000000000,674.00000000000,1.00000000000,0.50000000000,14.00000000000,7.50000000000,0.50000000000,61.00000000000,0.00000000000,0.00000000000,0.00000000000,0.00000000000,0.00000000000,0.00000000000,151.00000000000,2657.00000000000,1.00000000000,0.00000000000,28.50000000000,1.50000000000,2764.00000000000,99.00000000000,27.00000000000,0.00000000000,1.50000000000,0.00000000000,0.00000000000,0.00000000000,0.00000000000,0.00000000000,0.00000000000,0.00000000000,0.00000000000,0.00000000000,0.00000000000,0.00000000000,0.00000000000,0.00000000000,0.00000000000,0.00000000000
302.00000000000,2739.50000000000,165.50000000000,0.00000000000,0.00000000000,100.50000000000,2688.00000000000,0.00000000000,0.00000000000,9.50000000000,0.00000000000,22.00000000000,605.50000000000,0.00000000000,0.00000000000,8.00000000000,4.50000000000,1.00000000000,75.50000000000,2523.50000000000,100.50000000000,119.50000000000,1.00000000000,142.50000000000,1.00000000000,2.00000000000,0.00000000000,0.00000000000,0.00000000000,0.50000000000,0.00000000000,105.50000000000,150.50000000000,0.00000000000,16.50000000000,0.00000000000,89.00000000000,0.00000000000,77.50000000000,0.00000000000,73.00000000000,152.00000000000,2735.50000000000,0.50000000000,131.50000000000,0.00000000000,20.00000000000,2.50000000000,321.00000000000,0.00000000000,2412.00000000000
303.00000000000,100.50000000000,10.00000000000,2.50000000000,0.00000000000,2688.50000000000,75.00000000000,142.50000000000,2691.00000000000,10.00000000000,0.00000000000,170.00000000000,675.00000000000,1.00000000000,0.00000000000,22.50000000000,8.50000000000,0.00000000000,59.00000000000,0.00000000000,0.00000000000,0.00000000000,0.00000000000,0.00000000000,0.00000000000,119.50000000000,2555.50000000000,2.00000000000,0.50000000000,28.00000000000,3.00000000000,2739.50000000000,120.50000000000,23.00000000000,0.00000000000,2.00000000000,0.00000000000,2.50000000000,0.00000000000,0.00000000000,0.00000000000,0.00000000000,0.00000000000,0.00000000000,0.00000000000,0.00000000000,0.00000000000,0.00000000000,0.00000000000,0.00000000000,0.00000000000
304.00000000000,2690.50000000000,142.50000000000,0.00000000000,0.00000000000,103.00000000000,2584.00000000000,0.00000000000,0.00000000000,10.00000000000,0.00000000000,18.50000000000,607.50000000000,0.50000000000,0.00000000000,12.00000000000,7.00000000000,0.00000000000,69.50000000000,2693.50000000000,120.00000000000,138.50000000000,0.50000000000,152.00000000000,1.00000000000,2.50000000000,0.00000000000,0.00000000000,0.00000000000,0.50000000000,0.00000000000,101.50000000000,146.50000000000,0.00000000000,13.00000000000,0.00000000000,88.50000000000,0.00000000000,87.50000000000,0.00000000000,59.00000000000,165.50000000000,2714.50000000000,0.00000000000,145.50000000000,0.00000000000,20.00000000000,1.00000000000,324.50000000000,0.00000000000,2389.00000000000
305.00000000000,103.00000000000,14.50000000000,1.00000000000,0.00000000000,2584.50000000000,69.00000000000,152.00000000000,2681.00000000000,10.00000000000,0.00000000000,149.50000000000,677.50000000000,1.00000000000,0.00000000000,16.00000000000,4.00000000000,1.00000000000,56.50000000000,0.00000000000,0.00000000000,0.00000000000,0.00000000000,0.00000000000,0.00000000000,138.50000000000,2721.00000000000,1.00000000000,0.00000000000,28.50000000000,2.00000000000,2691.00000000000,107.50000000000,23.50000000000,0.00000000000,0.00000000000,0.00000000000,0.50000000000,0.00000000000,0.00000000000,0.00000000000,0.00000000000,0.00000000000,0.00000000000,0.00000000000,0.00000000000,0.00000000000,0.00000000000,0.00000000000,0.00000000000,0.00000000000
306.00000000000,2585.50000000000,155.50000000000,0.00000000000,0.00000000000,97.50000000000,2747.00000000000,0.00000000000,0.00000000000,10.00000000000,0.00000000000,18.50000000000,616.00000000000,0.00000000000,0.00000000000,14.50000000000,6.50000000000,0.00000000000,69.00000000000,2681.50000000000,107.00000000000,139.00000000000,0.00000000000,136.50000000000,1.50000000000,1.00000000000,0.00000000000,0.00000000000,0.00000000000,0.00000000000,0.00000000000,104.00000000000,133.50000000000,0.00000000000,13.50000000000,0.00000000000,90.50000000000,0.00000000000,90.50000000000,0.00000000000,43.00000000000,175.50000000000,2667.50000000000,0.00000000000,149.50000000000,0.00000000000,26.00000000000,1.00000000000,373.00000000000,0.00000000000,2293.50000000000
307.00000000000,97.50000000000,15.50000000000,1.00000000000,0.00000000000,2747.00000000000,69.00000000000,136.50000000000,2635.50000000000,10.00000000000,0.00000000000,162.00000000000,674.00000000000,1.00000000000,0.00000000000,16.00000000000,8.00000000000,0.00000000000,64.50000000000,0.00000000000,0.00000000000,0.00000000000,0.00000000000,0.00000000000,0.00000000000,139.00000000000,2719.50000000000,2.00000000000,0.00000000000,23.50000000000,2.00000000000,2585.50000000000,108.00000000000,22.50000000000,0.00000000000,1.00000000000,0.00000000000,1.50000000000,0.00000000000,0.00000000000,0.00000000000,0.00000000000,0.00000000000,0.00000000000,0.00000000000,0.00000000000,0.00000000000,0.00000000000,0.00000000000,0.00000000000,0.00000000000
308.00000000000,2749.00000000000,155.00000000000,0.00000000000,0.00000000000,92.50000000000,2758.50000000000,0.00000000000,0.00000000000,10.00000000000,0.00000000000,23.50000000000,601.50000000000,1.00000000000,0.00000000000,14.00000000000,9.00000000000,0.00000000000,66.50000000000,2637.00000000000,107.50000000000,144.50000000000,0.00000000000,123.50000000000,0.50000000000,1.00000000000,0.00000000000,0.00000000000,0.00000000000,0.00000000000,0.00000000000,98.50000000000,145.00000000000,0.00000000000,9.50000000000,0.00000000000,89.00000000000,0.00000000000,113.00000000000,0.00000000000,32.00000000000,159.00000000000,2562.00000000000,0.50000000000,132.50000000000,0.00000000000,26.00000000000,1.00000000000,316.00000000000,0.00000000000,2245.00000000000
309.00000000000,92.50000000000,15.00000000000,1.00000000000,0.00000000000,2758.50000000000,66.50000000000,123.50000000000,2544.50000000000,10.50000000000,0.00000000000,164.00000000000,671.00000000000,0.50000000000,0.00000000000,13.00000000000,6.00000000000,0.50000000000,65.00000000000,0.00000000000,0.00000000000,0.00000000000,0.00000000000,0.00000000000,0.00000000000,144.50000000000,2651.50000000000,1.00000000000,0.00000000000,26.50000000000,1.00000000000,2750.00000000000,107.00000000000,23.50000000000,0.00000000000,0.50000000000,0.00000000000,1.00000000000,0.00000000000,0.00000000000,0.00000000000,0.00000000000,0.00000000000,0.00000000000,0.00000000000,0.00000000000,0.00000000000,0.00000000000,0.00000000000,0.00000000000,0.00000000000
310.00000000000,2759.50000000000,157.50000000000,0.00000000000,0.00000000000,93.00000000000,2689.00000000000,0.00000000000,0.00000000000,10.50000000000,0.00000000000,21.00000000000,599.50000000000,0.50000000000,0.00000000000,10.50000000000,6.00000000000,0.50000000000,65.00000000000,2545.50000000000,106.50000000000,132.00000000000,0.00000000000,131.50000000000,0.50000000000,1.00000000000,0.00000000000,0.00000000000,0.00000000000,1.00000000000,0.00000000000,93.00000000000,151.00000000000,0.00000000000,16.50000000000,0.00000000000,76.50000000000,0.00000000000,123.50000000000,0.00000000000,27.50000000000,147.00000000000,2726.00000000000,0.00000000000,125.00000000000,0.00000000000,22.00000000000,1.00000000000,322.00000000000,0.00000000000,2403.00000000000
311.00000000000,93.00000000000,11.50000000000,1.00000000000,0.00000000000,2690.00000000000,64.00000000000,131.50000000000,2699.50000000000,10.50000000000,0.00000000000,163.50000000000,679.00000000000,1.00000000000,0.00000000000,10.50000000000,9.50000000000,0.00000000000,67.50000000000,0.00000000000,0.00000000000,0.00000000000,0.00000000000,0.00000000000,0.00000000000,132.00000000000,2561.00000000000,1.50000000000,0.00000000000,22.50000000000,2.50000000000,2760.00000000000,103.50000000000,27.00000000000,0.00000000000,0.50000000000,0.00000000000,1.50000000000,0.00000000000,0.00000000000,0.00000000000,0.00000000000,0.00000000000,0.00000000000,0.00000000000,0.00000000000,0.00000000000,0.00000000000,0.00000000000,0.00000000000,0.00000000000
312.00000000000,2691.50000000000,143.50000000000,0.00000000000,0.00000000000,86.50000000000,2603.50000000000,0.00000000000,0.00000000000,10.50000000000,0.00000000000,21.00000000000,602.00000000000,1.00000000000,0.00000000000,11.50000000000,8.50000000000,0.00000000000,69.00000000000,2701.00000000000,102.50000000000,123.50000000000,0.00000000000,125.00000000000,1.00000000000,1.00000000000,0.00000000000,0.00000000000,0.00000000000,1.00000000000,0.00000000000,94.00000000000,152.00000000000,0.00000000000,12.50000000000,0.00000000000,81.50000000000,0.00000000000,119.00000000000,0.00000000000,33.00000000000,158.50000000000,2732.50000000000,0.00000000000,140.50000000000,0.00000000000,18.00000000000,1.50000000000,351.00000000000,0.00000000000,2380.00000000000
313.00000000000,86.50000000000,12.50000000000,1.50000000000,0.00000000000,2604.50000000000,68.00000000000,125.00000000000,2707.50000000000,10.50000000000,0.00000000000,152.00000000000,676.50000000000,1.50000000000,0.00000000000,10.00000000000,5.50000000000,0.00000000000,73.50000000000,0.00000000000,0.00000000000,0.00000000000,0.00000000000,0.00000000000,0.00000000000,123.50000000000,2737.00000000000,1.00000000000,0.00000000000,20.00000000000,1.00000000000,2692.50000000000,102.50000000000,26.00000000000,0.00000000000,1.00000000000,0.00000000000,0.50000000000,0.00000000000,0.00000000000,0.00000000000,0.00000000000,0.00000000000,0.00000000000,0.00000000000,0.00000000000,0.00000000000,0.00000000000,0.00000000000,0.00000000000,0.00000000000
314.00000000000,2605.50000000000,133.50000000000,0.00000000000,0.00000000000,88.00000000000,2789.50000000000,0.00000000000,0.00000000000,10.50000000000,0.00000000000,18.00000000000,597.50000000000,1.50000000000,0.00000000000,13.50000000000,5.50000000000,0.50000000000,68.50000000000,2708.00000000000,103.00000000000,139.50000000000,0.00000000000,139.00000000000,0.00000000000,1.50000000000,0.00000000000,0.00000000000,0.00000000000,0.50000000000,0.00000000000,88.00000000000,140.50000000000,0.00000000000,11.00000000000,0.00000000000,77.00000000000,0.00000000000,114.00000000000,0.00000000000,26.50000000000,151.00000000000,2665.50000000000,0.00000000000,134.00000000000,0.00000000000,17.00000000000,2.00000000000,319.50000000000,0.00000000000,2344.00000000000
315.00000000000,88.00000000000,15.00000000000,2.00000000000,0.00000000000,2790.00000000000,68.00000000000,139.00000000000,2627.50000000000,10.50000000000,0.00000000000,139.00000000000,663.50000000000,2.50000000000,0.00000000000,11.50000000000,6.50000000000,0.00000000000,62.00000000000,0.00000000000,0.00000000000,0.00000000000,0.00000000000,0.00000000000,0.00000000000,139.50000000000,2719.50000000000,2.00000000000,0.00000000000,23.00000000000,0.00000000000,2607.00000000000,91.50000000000,30.00000000000,0.00000000000,2.00000000000,0.00000000000,3.00000000000,0.00000000000,0.00000000000,0.00000000000,0.00000000000,0.00000000000,0.00000000000,0.00000000000,0.00000000000,0.00000000000,0.00000000000,0.00000000000,0.00000000000,0.00000000000
316.00000000000,2792.00000000000,149.00000000000,0.00000000000,0.00000000000,91.00000000000,2758.50000000000,0.00000000000,0.00000000000,10.50000000000,0.00000000000,21.50000000000,595.00000000000,0.50000000000,0.00000000000,11.00000000000,6.50000000000,0.00000000000,69.50000000000,2630.50000000000,90.50000000000,123.50000000000,0.50000000000,122.50000000000,1.00000000000,2.00000000000,0.00000000000,0.00000000000,0.00000000000,0.50000000000,0.00000000000,90.50000000000,125.00000000000,0.00000000000,9.50000000000,0.00000000000,81.00000000000,0.00000000000,99.00000000000,0.00000000000,26.00000000000,169.00000000000,2575.00000000000,0.00000000000,150.00000000000,0.00000000000,19.00000000000,1.50000000000,311.00000000000,0.00000000000,2262.50000000000
317.00000000000,91.00000000000,13.00000000000,1.50000000000,0.00000000000,2759.00000000000,69.00000000000,122.50000000000,2541.00000000000,10.50000000000,0.00000000000,155.50000000000,644.00000000000,1.50000000000,0.00000000000,13.50000000000,7.00000000000,0.00000000000,60.00000000000,0.00000000000,0.00000000000,0.00000000000,0.00000000000,0.00000000000,0.00000000000,123.50000000000,2676.50000000000,1.50000000000,0.00000000000,20.50000000000,1.00000000000,2792.50000000000,100.50000000000,27.50000000000,0.00000000000,1.00000000000,0.00000000000,3.00000000000,0.00000000000,0.00000000000,0.00000000000,0.00000000000,0.00000000000,0.00000000000,0.00000000000,0.00000000000,0.00000000000,0.00000000000,0.00000000000,0.00000000000,0.00000000000
318.00000000000,2760.50000000000,136.50000000000,0.00000000000,0.00000000000,89.50000000000,2715.00000000000,0.00000000000,0.00000000000,10.50000000000,0.00000000000,20.00000000000,577.00000000000,0.50000000000,0.50000000000,11.00000000000,6.50000000000,0.00000000000,52.50000000000,2544.00000000000,98.50000000000,125.00000000000,0.00000000000,141.00000000000,0.50000000000,1.50000000000,0.00000000000,0.00000000000,0.00000000000,0.00000000000,0.50000000000,92.50000000000,140.50000000000,0.00000000000,20.00000000000,0.00000000000,72.50000000000,0.00000000000,104.50000000000,0.00000000000,36.00000000000,150.00000000000,2764.00000000000,1.00000000000,132.00000000000,0.00000000000,17.00000000000,2.00000000000,314.00000000000,0.00000000000,2448.00000000000
319.00000000000,89.50000000000,13.00000000000,2.00000000000,0.00000000000,2715.00000000000,52.00000000000,141.00000000000,2719.00000000000,11.50000000000,0.00000000000,143.00000000000,659.00000000000,2.50000000000,0.00000000000,11.50000000000,4.50000000000,0.00000000000,62.50000000000,0.00000000000,0.00000000000,0.00000000000,0.00000000000,0.00000000000,0.00000000000,125.00000000000,2568.50000000000,3.50000000000,0.00000000000,20.00000000000,0.00000000000,2761.00000000000,100.50000000000,23.00000000000,0.00000000000,2.00000000000,0.00000000000,1.00000000000,0.00000000000,0.00000000000,0.00000000000,0.00000000000,0.00000000000,0.00000000000,0.00000000000,0.00000000000,0.00000000000,0.00000000000,0.00000000000,0.00000000000,0.00000000000
320.00000000000,2718.50000000000,133.00000000000,0.00000000000,0.00000000000,72.00000000000,2611.00000000000,0.00000000000,0.00000000000,11.50000000000,0.00000000000,17.50000000000,592.00000000000,1.50000000000,0.00000000000,13.50000000000,4.00000000000,0.00000000000,66.00000000000,2720.00000000000,101.50000000000,133.50000000000,0.00000000000,130.50000000000,0.00000000000,2.00000000000,0.00000000000,0.00000000000,0.00000000000,0.00000000000,0.00000000000,92.00000000000,129.00000000000,0.00000000000,15.00000000000,0.00000000000,77.00000000000,0.00000000000,86.50000000000,0.00000000000,42.50000000000,164.00000000000,2736.00000000000,0.00000000000,148.00000000000,0.00000000000,16.00000000000,1.50000000000,304.00000000000,0.00000000000,2430.50000000000
321.00000000000,72.00000000000,15.50000000000,1.50000000000,0.00000000000,2611.00000000000,66.00000000000,130.50000000000,2705.50000000000,11.50000000000,0.00000000000,137.00000000000,651.00000000000,2.00000000000,0.00000000000,12.00000000000,9.50000000000,0.50000000000,60.50000000000,0.00000000000,0.00000000000,0.00000000000,0.00000000000,0.00000000000,0.00000000000,133.50000000000,2750.50000000000,1.50000000000,0.00000000000,28.50000000000,1.00000000000,2720.00000000000,94.50000000000,28.00000000000,0.00000000000,1.50000000000,0.00000000000,0.00000000000,0.00000000000,0.00000000000,0.00000000000,0.00000000000,0.00000000000,0.00000000000,0.00000000000,0.00000000000,0.00000000000,0.00000000000,0.00000000000,0.00000000000,0.00000000000
322.00000000000,2612.50000000000,145.00000000000,0.00000000000,0.00000000000,94.50000000000,2781.50000000000,0.00000000000,0.00000000000,11.50000000000,0.00000000000,25.00000000000,580.50000000000,1.50000000000,0.00000000000,10.00000000000,7.50000000000,0.50000000000,58.50000000000,2705.50000000000,96.00000000000,135.50000000000,0.00000000000,118.50000000000,0.00000000000,1.50000000000,0.00000000000,0.50000000000,0.00000000000,0.00000000000,0.00000000000,74.00000000000,123.50000000000,0.00000000000,17.50000000000,0.00000000000,56.50000000000,0.00000000000,84.50000000000,0.00000000000,39.00000000000,158.50000000000,2690.50000000000,0.00000000000,144.50000000000,0.00000000000,14.00000000000,1.00000000000,304.00000000000,0.00000000000,2385.50000000000
323.00000000000,95.00000000000,11.00000000000,1.00000000000,0.00000000000,2781.50000000000,58.50000000000,118.50000000000,2667.00000000000,11.50000000000,0.00000000000,152.50000000000,637.50000000000,1.00000000000,0.00000000000,11.50000000000,5.00000000000,0.00000000000,59.00000000000,0.00000000000,0.00000000000,0.00000000000,0.00000000000,0.00000000000,0.00000000000,135.50000000000,2728.50000000000,1.50000000000,0.00000000000,25.50000000000,1.50000000000,2614.00000000000,88.00000000000,29.00000000000,0.00000000000,1.50000000000,0.00000000000,1.50000000000,0.00000000000,0.00000000000,0.00000000000,0.00000000000,0.00000000000,0.00000000000,0.00000000000,0.00000000000,0.00000000000,0.00000000000,0.00000000000,0.00000000000,0.00000000000
324.00000000000,2783.00000000000,147.00000000000,0.00000000000,0.00000000000,84.00000000000,2760.50000000000,0.00000000000,0.00000000000,11.50000000000,0.00000000000,16.00000000000,573.50000000000,1.50000000000,0.00000000000,15.50000000000,8.00000000000,0.00000000000,63.50000000000,2668.50000000000,88.00000000000,127.00000000000,1.00000000000,117.50000000000,0.50000000000,1.00000000000,0.00000000000,0.00000000000,0.00000000000,0.50000000000,0.00000000000,96.00000000000,140.00000000000,0.00000000000,17.50000000000,0.00000000000,78.50000000000,0.00000000000,82.00000000000,0.00000000000,58.00000000000,147.50000000000,2583.50000000000,0.00000000000,128.50000000000,0.00000000000,19.00000000000,2.50000000000,301.50000000000,0.00000000000,2279.50000000000
325.00000000000,84.00000000000,16.50000000000,2.50000000000,0.00000000000,2761.00000000000,63.00000000000,117.50000000000,2552.00000000000,11.50000000000,0.00000000000,155.00000000000,642.00000000000,0.50000000000,0.00000000000,17.00000000000,2.50000000000,0.00000000000,61.50000000000,0.00000000000,0.00000000000,0.00000000000,0.00000000000,0.00000000000,0.00000000000,127.00000000000,2688.50000000000,0.00000000000,0.00000000000,21.00000000000,0.00000000000,2784.50000000000,95.00000000000,25.50000000000,0.00000000000,0.00000000000,0.00000000000,1.00000000000,0.00000000000,0.00000000000,0.00000000000,0.00000000000,0.00000000000,0.00000000000,0.00000000000,0.00000000000,0.00000000000,0.00000000000,0.00000000000,0.00000000000,0.00000000000
326.00000000000,2761.00000000000,144.00000000000,0.00000000000,0.00000000000,84.00000000000,2729.00000000000,0.00000000000,0.00000000000,11.50000000000,0.00000000000,19.00000000000,578.00000000000,0.00000000000,0.00000000000,12.50000000000,8.50000000000,0.00000000000,74.50000000000,2553.00000000000,94.00000000000,135.00000000000,0.50000000000,132.00000000000,0.50000000000,2.50000000000,0.00000000000,0.00000000000,0.00000000000,0.00000000000,0.00000000000,84.50000000000,137.50000000000,0.00000000000,16.00000000000,0.00000000000,68.50000000000,0.00000000000,82.50000000000,0.00000000000,55.00000000000,143.00000000000,2759.00000000000,0.00000000000,129.00000000000,0.00000000000,14.00000000000,3.00000000000,294.50000000000,0.00000000000,2461.50000000000
327.00000000000,84.00000000000,15.00000000000,3.00000000000,0.00000000000,2729.00000000000,74.50000000000,132.00000000000,2718.00000000000,11.50000000000,0.00000000000,152.50000000000,632.50000000000,1.50000000000,0.50000000000,14.00000000000,5.50000000000,0.00000000000,54.00000000000,0.00000000000,0.00000000000,0.00000000000,0.00000000000,0.00000000000,0.00000000000,135.00000000000,2561.00000000000,2.00000000000,0.00000000000,23.50000000000,2.00000000000,2761.00000000000,91.00000000000,26.50000000000,0.00000000000,2.50000000000,0.00000000000,0.50000000000,0.00000000000,0.00000000000,0.00000000000,0.00000000000,0.00000000000,0.00000000000,0.00000000000,0.00000000000,0.00000000000,0.00000000000,0.00000000000,0.00000000000,0.00000000000
328.00000000000,2731.00000000000,149.00000000000,0.00000000000,0.00000000000,98.00000000000,2589.50000000000,0.00000000000,0.00000000000,11.50000000000,0.00000000000,20.50000000000,573.50000000000,0.50000000000,0.00000000000,14.00000000000,5.50000000000,1.00000000000,69.00000000000,2718.50000000000,93.00000000000,145.50000000000,0.00000000000,137.50000000000,0.50000000000,3.00000000000,0.00000000000,0.50000000000,0.00000000000,0.00000000000,0.00000000000,85.50000000000,136.50000000000,0.00000000000,15.00000000000,0.00000000000,70.50000000000,0.00000000000,78.50000000000,0.00000000000,58.00000000000,158.50000000000,2732.00000000000,0.50000000000,142.00000000000,0.00000000000,16.00000000000,1.00000000000,304.50000000000,0.00000000000,2426.50000000000
329.00000000000,98.50000000000,16.50000000000,1.00000000000,0.00000000000,2589.50000000000,69.00000000000,137.50000000000,2686.00000000000,12.00000000000,0.00000000000,154.50000000000,634.50000000000,2.00000000000,0.00000000000,13.50000000000,5.50000000000,0.00000000000,53.00000000000,0.00000000000,0.00000000000,0.00000000000,0.00000000000,0.00000000000,0.00000000000,145.50000000000,2731.50000000000,2.50000000000,0.00000000000,23.00000000000,0.00000000000,2731.50000000000,92.50000000000,26.00000000000,0.00000000000,0.50000000000,0.00000000000,1.50000000000,0.00000000000,0.00000000000,0.00000000000,0.00000000000,0.00000000000,0.00000000000,0.00000000000,0.00000000000,0.00000000000,0.00000000000,0.00000000000,0.00000000000,0.00000000000
330.00000000000,2592.00000000000,156.50000000000,0.00000000000,0.00000000000,92.00000000000,2761.50000000000,0.00000000000,0.00000000000,12.00000000000,0.00000000000,22.00000000000,576.00000000000,0.50000000000,0.00000000000,11.50000000000,3.50000000000,0.00000000000,70.00000000000,2687.50000000000,91.50000000000,143.00000000000,0.00000000000,144.50000000000,1.00000000000,1.00000000000,0.00000000000,0.00000000000,0.00000000000,0.50000000000,0.00000000000,100.50000000000,139.00000000000,0.00000000000,16.50000000000,0.00000000000,84.00000000000,0.00000000000,91.50000000000,0.00000000000,47.50000000000,163.50000000000,2705.00000000000,0.00000000000,138.50000000000,0.00000000000,25.00000000000,1.50000000000,329.00000000000,0.00000000000,2374.50000000000
331.00000000000,92.00000000000,12.50000000000,1.50000000000,0.00000000000,2762.00000000000,69.50000000000,144.50000000000,2649.50000000000,12.00000000000,0.00000000000,160.00000000000,641.50000000000,1.00000000000,0.00000000000,14.50000000000,7.50000000000,0.00000000000,70.50000000000,0.00000000000,0.00000000000,0.00000000000,0.00000000000,0.00000000000,0.00000000000,143.00000000000,2709.00000000000,2.00000000000,1.00000000000,23.50000000000,2.00000000000,2592.50000000000,110.50000000000,28.50000000000,0.00000000000,0.00000000000,0.00000000000,0.00000000000,0.00000000000,0.00000000000,0.00000000000,0.00000000000,0.00000000000,0.00000000000,0.00000000000,0.00000000000,0.00000000000,0.00000000000,0.00000000000,0.00000000000,0.00000000000
332.00000000000,2764.00000000000,156.50000000000,0.00000000000,0.00000000000,93.00000000000,2755.00000000000,0.00000000000,0.00000000000,12.00000000000,0.00000000000,20.00000000000,563.50000000000,1.00000000000,0.00000000000,7.00000000000,8.50000000000,0.00000000000,63.50000000000,2649.50000000000,110.50000000000,149.00000000000,0.00000000000,124.50000000000,0.50000000000,1.50000000000,0.00000000000,0.00000000000,0.00000000000,0.00000000000,0.00000000000,93.00000000000,144.50000000000,0.00000000000,20.50000000000,0.00000000000,72.50000000000,0.00000000000,102.50000000000,0.00000000000,42.00000000000,173.00000000000,2564.00000000000,0.00000000000,155.50000000000,0.00000000000,17.50000000000,0.50000000000,307.50000000000,0.00000000000,2256.00000000000
333.00000000000,93.00000000000,8.50000000000,0.50000000000,0.00000000000,2755.00000000000,63.50000000000,124.50000000000,2549.00000000000,12.00000000000,0.00000000000,165.00000000000,636.00000000000,2.50000000000,0.00000000000,16.50000000000,7.50000000000,0.00000000000,57.50000000000,0.00000000000,0.00000000000,0.00000000000,0.00000000000,0.00000000000,0.00000000000,149.00000000000,2674.00000000000,0.50000000000,0.00000000000,23.00000000000,1.00000000000,2765.00000000000,105.00000000000,26.50000000000,0.00000000000,0.00000000000,0.00000000000,1.00000000000,0.00000000000,0.00000000000,0.00000000000,0.00000000000,0.00000000000,0.00000000000,0.00000000000,0.00000000000,0.00000000000,0.00000000000,0.00000000000,0.00000000000,0.00000000000
334.00000000000,2755.50000000000,166.00000000000,0.00000000000,0.00000000000,86.50000000000,2707.50000000000,0.00000000000,0.00000000000,12.00000000000,0.00000000000,16.00000000000,571.00000000000,0.50000000000,0.00000000000,11.00000000000,7.00000000000,0.00000000000,74.50000000000,2550.00000000000,104.00000000000,143.50000000000,0.00000000000,125.50000000000,0.00000000000,0.50000000000,0.00000000000,0.00000000000,0.00000000000,0.50000000000,0.00000000000,95.50000000000,146.00000000000,0.00000000000,14.00000000000,0.00000000000,81.50000000000,0.00000000000,124.50000000000,0.00000000000,21.50000000000,151.00000000000,2738.50000000000,0.50000000000,131.50000000000,0.00000000000,19.00000000000,0.50000000000,314.00000000000,0.00000000000,2424.00000000000
335.00000000000,86.50000000000,11.50000000000,0.50000000000,0.00000000000,2708.00000000000,74.00000000000,125.50000000000,2716.50000000000,12.50000000000,0.00000000000,173.00000000000,635.50000000000,1.00000000000,0.00000000000,14.50000000000,2.00000000000,1.00000000000,67.50000000000,0.00000000000,0.00000000000,0.00000000000,0.00000000000,0.00000000000,0.00000000000,143.50000000000,2557.00000000000,1.50000000000,0.00000000000,23.50000000000,0.50000000000,2756.00000000000,100.00000000000,23.00000000000,0.00000000000,1.00000000000,0.00000000000,1.50000000000,0.00000000000,0.00000000000,0.00000000000,0.00000000000,0.00000000000,0.00000000000,0.00000000000,0.00000000000,0.00000000000,0.00000000000,0.00000000000,0.00000000000,0.00000000000
336.00000000000,2709.50000000000,157.00000000000,0.00000000000,0.00000000000,97.50000000000,2600.50000000000,0.00000000000,0.00000000000,12.50000000000,0.00000000000,13.50000000000,565.00000000000,0.50000000000,0.00000000000,8.50000000000,9.00000000000,0.00000000000,61.00000000000,2718.00000000000,99.50000000000,142.50000000000,0.00000000000,142.00000000000,0.00000000000,0.50000000000,0.00000000000,0.00000000000,0.00000000000,0.00000000000,0.00000000000,87.50000000000,158.50000000000,0.00000000000,7.50000000000,0.00000000000,80.00000000000,0.00000000000,140.00000000000,0.00000000000,18.50000000000,148.50000000000,2732.00000000000,0.50000000000,129.00000000000,0.00000000000,19.00000000000,1.00000000000,274.00000000000,0.00000000000,2457.00000000000
337.00000000000,97.50000000000,9.00000000000,1.00000000000,0.00000000000,2600.50000000000,61.00000000000,142.00000000000,2688.50000000000,13.00000000000,0.00000000000,166.00000000000,653.50000000000,2.00000000000,0.00000000000,12.50000000000,6.00000000000,1.50000000000,70.00000000000,0.00000000000,0.00000000000,0.00000000000,0.00000000000,0.00000000000,0.00000000000,142.50000000000,2723.50000000000,0.00000000000,0.00000000000,27.00000000000,0.00000000000,2710.00000000000,92.00000000000,20.00000000000,0.00000000000,3.00000000000,0.00000000000,1.00000000000,0.00000000000,0.00000000000,0.00000000000,0.00000000000,0.00000000000,0.00000000000,0.00000000000,0.00000000000,0.00000000000,0.00000000000,0.00000000000,0.00000000000,0.00000000000
338.00000000000,2600.50000000000,155.00000000000,0.00000000000,0.00000000000,88.00000000000,2766.50000000000,0.00000000000,0.00000000000,13.00000000000,0.00000000000,15.00000000000,576.00000000000,1.50000000000,0.00000000000,9.50000000000,6.00000000000,0.00000000000,75.00000000000,2689.50000000000,94.00000000000,137.00000000000,0.00000000000,133.50000000000,0.00000000000,1.00000000000,0.00000000000,0.00000000000,0.00000000000,0.00000000000,0.00000000000,99.50000000000,153.00000000000,0.00000000000,8.00000000000,0.00000000000,91.50000000000,0.00000000000,137.50000000000,0.00000000000,15.50000000000,162.00000000000,2687.00000000000,0.00000000000,135.00000000000,0.00000000000,27.00000000000,0.50000000000,299.00000000000,0.00000000000,2387.50000000000
339.00000000000,88.00000000000,10.50000000000,0.50000000000,0.00000000000,2766.50000000000,75.00000000000,133.50000000000,2647.00000000000,13.00000000000,0.00000000000,161.00000000000,648.00000000000,3.00000000000,0.00000000000,13.50000000000,4.00000000000,0.00000000000,67.50000000000,0.00000000000,0.00000000000,0.00000000000,0.00000000000,0.00000000000,0.00000000000,137.00000000000,2714.50000000000,0.50000000000,0.00000000000,26.50000000000,1.00000000000,2602.00000000000,103.50000000000,31.00000000000,0.00000000000,1.00000000000,0.00000000000,0.00000000000,0.00000000000,0.00000000000,0.00000000000,0.00000000000,0.00000000000,0.00000000000,0.00000000000,0.00000000000,0.00000000000,0.00000000000,0.00000000000,0.00000000000,0.00000000000
340.00000000000,2767.00000000000,151.00000000000,0.00000000000,0.00000000000,101.50000000000,2754.50000000000,0.00000000000,0.00000000000,13.00000000000,0.00000000000,14.50000000000,576.50000000000,0.50000000000,0.00000000000,12.50000000000,6.00000000000,0.00000000000,69.00000000000,2647.00000000000,104.50000000000,128.50000000000,0.50000000000,127.00000000000,0.00000000000,0.50000000000,0.00000000000,0.50000000000,0.00000000000,0.50000000000,0.00000000000,91.00000000000,144.50000000000,0.00000000000,7.50000000000,0.00000000000,83.50000000000,0.00000000000,131.00000000000,0.00000000000,13.50000000000,164.50000000000,2570.00000000000,0.00000000000,142.00000000000,0.00000000000,22.50000000000,1.50000000000,266.50000000000,0.00000000000,2302.00000000000
341.00000000000,102.00000000000,12.50000000000,1.50000000000,0.00000000000,2755.00000000000,68.50000000000,127.00000000000,2546.50000000000,13.00000000000,0.00000000000,157.00000000000,646.00000000000,1.00000000000,0.00000000000,17.50000000000,8.00000000000,0.00000000000,63.50000000000,0.00000000000,0.00000000000,0.00000000000,0.00000000000,0.00000000000,0.00000000000,128.50000000000,2682.50000000000,1.50000000000,0.00000000000,25.00000000000,1.00000000000,2767.50000000000,92.50000000000,27.00000000000,0.00000000000,1.50000000000,0.00000000000,0.50000000000,0.00000000000,0.00000000000,0.00000000000,0.00000000000,0.00000000000,0.00000000000,0.00000000000,0.00000000000,0.00000000000,0.00000000000,0.00000000000,0.00000000000,0.00000000000
342.00000000000,2756.50000000000,145.50000000000,0.00000000000,0.00000000000,93.50000000000,2720.00000000000,0.00000000000,0.00000000000,13.00000000000,0.00000000000,20.50000000000,574.50000000000,1.00000000000,0.00000000000,11.50000000000,7.50000000000,0.00000000000,76.00000000000,2547.00000000000,93.50000000000,142.50000000000,0.00000000000,125.50000000000,0.00000000000,1.50000000000,0.00000000000,0.50000000000,0.00000000000,1.00000000000,0.50000000000,103.00000000000,138.50000000000,0.00000000000,11.00000000000,0.00000000000,92.00000000000,0.00000000000,121.50000000000,0.00000000000,17.00000000000,154.00000000000,2739.00000000000,0.00000000000,125.50000000000,0.00000000000,28.50000000000,0.00000000000,332.00000000000,0.00000000000,2407.00000000000
343.00000000000,94.00000000000,13.00000000000,0.00000000000,0.00000000000,2721.00000000000,74.50000000000,125.50000000000,2707.00000000000,13.00000000000,0.00000000000,153.00000000000,629.50000000000,2.00000000000,0.00000000000,15.00000000000,3.00000000000,0.00000000000,57.00000000000,0.00000000000,0.00000000000,0.00000000000,0.00000000000,0.00000000000,0.00000000000,142.50000000000,2558.50000000000,2.00000000000,0.00000000000,24.00000000000,1.50000000000,2757.50000000000,111.00000000000,26.00000000000,0.00000000000,0.50000000000,0.00000000000,1.00000000000,0.00000000000,0.00000000000,0.00000000000,0.00000000000,0.00000000000,0.00000000000,0.00000000000,0.00000000000,0.00000000000,0.00000000000,0.00000000000,0.00000000000,0.00000000000
344.00000000000,2723.00000000000,157.00000000000,0.00000000000,0.00000000000,98.50000000000,2590.00000000000,0.00000000000,0.00000000000,13.00000000000,0.00000000000,16.00000000000,569.50000000000,0.50000000000,0.00000000000,10.00000000000,6.50000000000,0.00000000000,58.00000000000,2708.00000000000,110.50000000000,134.00000000000,0.00000000000,138.00000000000,0.00000000000,0.00000000000,0.00000000000,0.50000000000,0.00000000000,0.00000000000,0.00000000000,96.00000000000,136.00000000000,0.00000000000,8.00000000000,0.00000000000,88.00000000000,0.00000000000,120.00000000000,0.00000000000,16.00000000000,151.50000000000,2731.00000000000,0.00000000000,126.00000000000,0.00000000000,25.50000000000,1.00000000000,278.00000000000,0.00000000000,2452.00000000000
345.00000000000,99.00000000000,9.50000000000,1.00000000000,0.00000000000,2590.00000000000,58.00000000000,138.00000000000,2702.50000000000,13.00000000000,0.00000000000,163.50000000000,641.00000000000,0.50000000000,0.50000000000,16.00000000000,5.00000000000,0.00000000000,65.50000000000,0.00000000000,0.00000000000,0.00000000000,0.00000000000,0.00000000000,0.00000000000,134.00000000000,2725.50000000000,0.50000000000,0.00000000000,32.00000000000,0.00000000000,2723.50000000000,101.50000000000,26.50000000000,0.00000000000,1.50000000000,0.00000000000,1.50000000000,0.00000000000,0.00000000000,0.00000000000,0.00000000000,0.00000000000,0.00000000000,0.00000000000,0.00000000000,0.00000000000,0.00000000000,0.00000000000,0.00000000000,0.00000000000
346.00000000000,2590.50000000000,149.50000000000,0.00000000000,0.00000000000,90.00000000000,2759.00000000000,0.00000000000,0.00000000000,13.00000000000,0.00000000000,14.50000000000,571.00000000000,0.00000000000,0.00000000000,12.00000000000,5.50000000000,0.00000000000,70.00000000000,2704.00000000000,101.50000000000,129.00000000000,0.00000000000,139.00000000000,0.00000000000,1.00000000000,0.00000000000,0.00000000000,0.00000000000,0.50000000000,0.00000000000,99.50000000000,146.50000000000,0.00000000000,11.50000000000,0.00000000000,88.00000000000,0.00000000000,127.50000000000,0.00000000000,19.00000000000,164.50000000000,2695.50000000000,0.00000000000,142.00000000000,0.00000000000,22.50000000000,1.00000000000,289.50000000000,0.00000000000,2405.00000000000
347.00000000000,90.00000000000,13.00000000000,1.00000000000,0.00000000000,2759.50000000000,69.50000000000,139.00000000000,2657.00000000000,13.00000000000,0.00000000000,155.00000000000,642.00000000000,0.00000000000,0.00000000000,17.50000000000,6.50000000000,0.50000000000,52.50000000000,0.00000000000,0.00000000000,0.00000000000,0.00000000000,0.00000000000,0.00000000000,129.00000000000,2739.50000000000,1.50000000000,0.50000000000,29.00000000000,0.50000000000,2590.50000000000,102.00000000000,19.00000000000,0.00000000000,0.50000000000,0.00000000000,0.50000000000,0.00000000000,0.00000000000,0.00000000000,0.00000000000,0.00000000000,0.00000000000,0.00000000000,0.00000000000,0.00000000000,0.00000000000,0.00000000000,0.00000000000,0.00000000000
348.00000000000,2761.00000000000,145.00000000000,0.00000000000,0.00000000000,98.50000000000,2763.00000000000,0.00000000000,0.00000000000,13.00000000000,0.00000000000,19.50000000000,582.50000000000,1.00000000000,0.00000000000,9.50000000000,8.00000000000,0.50000000000,63.50000000000,2657.50000000000,102.00000000000,136.50000000000,0.00000000000,115.50000000000,0.00000000000,1.00000000000,0.00000000000,0.00000000000,0.00000000000,1.00000000000,0.00000000000,90.00000000000,138.00000000000,0.00000000000,12.50000000000,0.00000000000,77.50000000000,0.00000000000,121.50000000000,0.00000000000,16.50000000000,158.00000000000,2571.00000000000,0.00000000000,129.00000000000,0.00000000000,29.00000000000,1.50000000000,273.00000000000,0.00000000000,2296.50000000000
349.00000000000,98.50000000000,10.50000000000,1.50000000000,0.00000000000,2764.00000000000,62.50000000000,115.50000000000,2556.00000000000,13.00000000000,0.00000000000,153.00000000000,648.50000000000,1.50000000000,0.00000000000,13.00000000000,2.50000000000,0.00000000000,52.50000000000,0.00000000000,0.00000000000,0.00000000000,0.00000000000,0.00000000000,0.00000000000,136.50000000000,2679.00000000000,1.50000000000,0.00000000000,29.00000000000,0.50000000000,2762.00000000000,99.50000000000,30.00000000000,0.00000000000,1.00000000000,0.00000000000,0.50000000000,0.00000000000,0.00000000000,0.00000000000,0.00000000000,0.00000000000,0.00000000000,0.00000000000,0.00000000000,0.00000000000,0.00000000000,0.00000000000,0.00000000000,0.00000000000
350.00000000000,2765.50000000000,148.50000000000,0.00000000000,0.00000000000,91.50000000000,2702.00000000000,0.00000000000,0.00000000000,13.00000000000,0.00000000000,13.00000000000,593.50000000000,0.50000000000,0.00000000000,7.00000000000,7.50000000000,0.50000000000,83.50000000000,2556.50000000000,100.00000000000,134.00000000000,0.00000000000,142.00000000000,0.00000000000,1.50000000000,0.00000000000,0.50000000000,0.00000000000,0.00000000000,0.50000000000,100.00000000000,138.50000000000,0.00000000000,9.50000000000,0.00000000000,90.50000000000,0.00000000000,116.50000000000,0.00000000000,22.00000000000,145.50000000000,2731.00000000000,0.00000000000,117.50000000000,0.00000000000,28.00000000000,1.50000000000,281.50000000000,0.00000000000,2448.00000000000
351.00000000000,92.00000000000,8.50000000000,1.50000000000,0.00000000000,2702.00000000000,83.00000000000,142.00000000000,2687.50000000000,13.00000000000,0.00000000000,156.00000000000,640.50000000000,1.50000000000,0.00000000000,14.00000000000,6.00000000000,0.00000000000,54.00000000000,0.00000000000,0.00000000000,0.00000000000,0.00000000000,0.00000000000,0.00000000000,134.00000000000,2568.00000000000,0.50000000000,0.00000000000,23.50000000000,0.00000000000,2766.00000000000,106.00000000000,25.00000000000,0.00000000000,0.50000000000,0.00000000000,0.50000000000,0.00000000000,0.50000000000,0.00000000000,0.00000000000,0.00000000000,0.00000000000,0.00000000000,0.00000000000,0.00000000000,0.00000000000,0.00000000000,0.00000000000,0.00000000000
352.00000000000,2702.50000000000,147.50000000000,0.00000000000,0.00000000000,106.50000000000,2598.50000000000,0.00000000000,0.00000000000,13.00000000000,0.00000000000,14.50000000000,580.50000000000,0.00000000000,0.00000000000,7.50000000000,8.00000000000,0.00000000000,70.50000000000,2688.00000000000,105.50000000000,123.00000000000,0.00000000000,148.00000000000,0.50000000000,1.50000000000,0.00000000000,0.00000000000,0.00000000000,1.00000000000,0.00000000000,93.50000000000,140.50000000000,0.00000000000,14.00000000000,0.00000000000,79.50000000000,0.00000000000,118.50000000000,0.00000000000,22.00000000000,167.00000000000,2741.00000000000,0.00000000000,151.00000000000,0.00000000000,16.00000000000,1.50000000000,279.50000000000,0.00000000000,2460.00000000000
353.00000000000,106.50000000000,9.00000000000,1.50000000000,0.00000000000,2599.50000000000,69.50000000000,148.00000000000,2696.50000000000,13.00000000000,0.00000000000,155.50000000000,642.50000000000,1.00000000000,0.00000000000,16.50000000000,8.50000000000,0.00000000000,56.50000000000,0.00000000000,0.00000000000,0.00000000000,0.00000000000,0.00000000000,0.00000000000,123.00000000000,2732.50000000000,3.00000000000,0.00000000000,26.50000000000,1.00000000000,2702.50000000000,100.50000000000,25.00000000000,0.00000000000,1.00000000000,0.00000000000,0.50000000000,0.00000000000,0.00000000000,0.00000000000,0.00000000000,0.00000000000,0.00000000000,0.00000000000,0.00000000000,0.00000000000,0.00000000000,0.00000000000,0.00000000000,0.00000000000
354.00000000000,2602.50000000000,137.50000000000,0.00000000000,0.00000000000,96.00000000000,2761.50000000000,0.00000000000,0.00000000000,13.00000000000,0.00000000000,17.50000000000,577.50000000000,0.50000000000,0.00000000000,8.50000000000,7.50000000000,0.00000000000,58.50000000000,2697.00000000000,101.00000000000,146.00000000000,0.00000000000,130.50000000000,0.00000000000,1.50000000000,0.00000000000,0.00000000000,0.00000000000,0.00000000000,0.00000000000,107.50000000000,138.00000000000,0.00000000000,19.50000000000,0.00000000000,88.00000000000,0.00000000000,116.00000000000,0.00000000000,22.00000000000,173.00000000000,2676.50000000000,0.00000000000,148.50000000000,0.00000000000,24.50000000000,1.50000000000,324.50000000000,0.00000000000,2350.50000000000
355.00000000000,96.00000000000,10.00000000000,1.50000000000,0.00000000000,2761.50000000000,58.50000000000,130.50000000000,2645.50000000000,13.00000000000,0.00000000000,145.00000000000,649.50000000000,1.50000000000,0.00000000000,11.50000000000,4.00000000000,0.00000000000,57.00000000000,0.00000000000,0.00000000000,0.00000000000,0.00000000000,0.00000000000,0.00000000000,146.00000000000,2724.00000000000,2.00000000000,0.00000000000,26.00000000000,1.00000000000,2603.00000000000,116.00000000000,28.00000000000,0.00000000000,1.50000000000,0.00000000000,1.00000000000,0.00000000000,0.00000000000,0.00000000000,0.00000000000,0.00000000000,0.00000000000,0.00000000000,0.00000000000,0.00000000000,0.00000000000,0.00000000000,0.00000000000,0.00000000000
356.00000000000,2763.50000000000,156.50000000000,0.00000000000,0.00000000000,84.50000000000,2754.00000000000,0.00000000000,0.00000000000,13.00000000000,0.00000000000,14.00000000000,588.50000000000,0.50000000000,0.00000000000,9.00000000000,6.00000000000,0.00000000000,71.50000000000,2646.50000000000,116.50000000000,145.00000000000,0.00000000000,131.50000000000,0.00000000000,1.50000000000,0.00000000000,0.00000000000,0.00000000000,0.50000000000,0.00000000000,97.50000000000,132.00000000000,0.00000000000,12.00000000000,0.00000000000,85.50000000000,0.00000000000,104.00000000000,0.00000000000,28.00000000000,158.50000000000,2573.50000000000,0.00000000000,141.00000000000,0.00000000000,17.50000000000,1.00000000000,300.00000000000,0.00000000000,2272.50000000000
357.00000000000,84.50000000000,10.50000000000,1.00000000000,0.00000000000,2754.50000000000,71.00000000000,131.50000000000,2557.50000000000,13.00000000000,0.00000000000,162.50000000000,643.00000000000,1.00000000000,0.00000000000,16.50000000000,5.00000000000,0.00000000000,63.00000000000,0.00000000000,0.00000000000,0.00000000000,0.00000000000,0.00000000000,0.00000000000,145.00000000000,2660.00000000000,1.00000000000,0.00000000000,31.50000000000,1.00000000000,2764.00000000000,102.00000000000,29.00000000000,0.00000000000,1.00000000000,0.00000000000,0.50000000000,0.00000000000,0.00000000000,0.00000000000,0.00000000000,0.00000000000,0.00000000000,0.00000000000,0.00000000000,0.00000000000,0.00000000000,0.00000000000,0.00000000000,0.00000000000
358.00000000000,2755.50000000000,161.50000000000,0.00000000000,0.00000000000,102.50000000000,2690.50000000000,0.00000000000,0.00000000000,13.00000000000,0.00000000000,15.50000000000,575.00000000000,3.00000000000,0.50000000000,8.50000000000,9.00000000000,0.00000000000,70.00000000000,2558.00000000000,102.50000000000,144.00000000000,0.00000000000,126.50000000000,0.50000000000,1.00000000000,0.00000000000,0.00000000000,0.00000000000,0.50000000000,0.00000000000,85.50000000000,145.00000000000,0.00000000000,11.00000000000,0.00000000000,74.50000000000,0.00000000000,116.50000000000,0.00000000000,28.50000000000,160.50000000000,2734.00000000000,0.00000000000,144.50000000000,0.00000000000,16.00000000000,1.50000000000,273.50000000000,0.00000000000,2459.00000000000
359.00000000000,102.50000000000,9.50000000000,1.50000000000,0.00000000000,2691.00000000000,69.50000000000,126.50000000000,2708.00000000000,13.00000000000,0.00000000000,170.50000000000,641.50000000000,4.00000000000,0.00000000000,15.50000000000,5.00000000000,0.00000000000,54.50000000000,0.00000000000,0.00000000000,0.00000000000,0.00000000000,0.00000000000,0.00000000000,144.00000000000,2575.00000000000,0.00000000000,0.00000000000,24.00000000000,0.50000000000,2758.50000000000,89.00000000000,25.00000000000,0.00000000000,1.50000000000,0.00000000000,0.00000000000,0.00000000000,0.00000000000,0.00000000000,0.00000000000,0.00000000000,0.00000000000,0.00000000000,0.00000000000,0.00000000000,0.00000000000,0.00000000000,0.00000000000,0.00000000000
360.00000000000,2691.00000000000,160.00000000000,0.00000000000,0.00000000000,93.50000000000,2605.00000000000,0.00000000000,0.00000000000,13.00000000000,0.00000000000,14.50000000000,582.00000000000,2.50000000000,0.00000000000,14.00000000000,4.50000000000,0.50000000000,80.50000000000,2708.00000000000,90.50000000000,135.50000000000,0.00000000000,128.00000000000,0.50000000000,1.50000000000,0.00000000000,0.00000000000,0.00000000000,0.00000000000,0.00000000000,106.50000000000,151.00000000000,0.00000000000,9.50000000000,0.00000000000,97.00000000000,0.00000000000,126.50000000000,0.00000000000,24.50000000000,151.50000000000,2732.00000000000,0.00000000000,129.50000000000,0.00000000000,22.00000000000,0.50000000000,332.50000000000,0.00000000000,2399.00000000000
361.00000000000,93.50000000000,15.50000000000,0.50000000000,0.00000000000,2605.00000000000,80.50000000000,128.00000000000,2693.50000000000,13.00000000000,0.00000000000,164.50000000000,647.50000000000,2.00000000000,0.50000000000,16.50000000000,4.50000000000,0.00000000000,58.50000000000,0.00000000000,0.00000000000,0.00000000000,0.00000000000,0.00000000000,0.00000000000,135.50000000000,2724.50000000000,1.50000000000,0.00000000000,31.00000000000,0.50000000000,2693.50000000000,105.00000000000,27.50000000000,0.00000000000,0.50000000000,0.00000000000,0.50000000000,0.00000000000,0.00000000000,0.00000000000,0.00000000000,0.00000000000,0.00000000000,0.00000000000,0.00000000000,0.00000000000,0.00000000000,0.00000000000,0.00000000000,0.00000000000
362.00000000000,2606.50000000000,151.00000000000,0.00000000000,0.00000000000,111.50000000000,2751.50000000000,0.00000000000,0.00000000000,13.00000000000,0.00000000000,20.00000000000,585.00000000000,1.50000000000,0.00000000000,12.00000000000,7.00000000000,0.00000000000,62.50000000000,2694.00000000000,105.00000000000,148.00000000000,0.00000000000,123.00000000000,0.00000000000,0.50000000000,0.00000000000,0.00000000000,0.00000000000,1.00000000000,0.00000000000,95.50000000000,145.50000000000,0.00000000000,10.50000000000,0.00000000000,85.00000000000,0.00000000000,121.50000000000,0.00000000000,24.00000000000,155.50000000000,2665.50000000000,0.00000000000,126.50000000000,0.00000000000,29.00000000000,2.00000000000,312.00000000000,0.00000000000,2351.50000000000
363.00000000000,111.50000000000,12.50000000000,2.00000000000,0.00000000000,2752.50000000000,61.50000000000,123.00000000000,2645.50000000000,13.00000000000,0.00000000000,158.00000000000,661.00000000000,0.50000000000,0.00000000000,15.50000000000,6.50000000000,0.00000000000,62.00000000000,0.00000000000,0.00000000000,0.00000000000,0.00000000000,0.00000000000,0.00000000000,148.00000000000,2701.50000000000,2.50000000000,0.00000000000,22.50000000000,0.00000000000,2608.00000000000,102.00000000000,32.50000000000,0.00000000000,0.50000000000,0.00000000000,1.50000000000,0.00000000000,0.50000000000,0.00000000000,0.00000000000,0.00000000000,0.00000000000,0.00000000000,0.00000000000,0.00000000000,0.00000000000,0.00000000000,0.00000000000,0.00000000000
364.00000000000,2755.00000000000,161.00000000000,0.00000000000,0.00000000000,84.00000000000,2741.00000000000,0.00000000000,0.00000000000,13.00000000000,0.00000000000,19.00000000000,592.50000000000,1.00000000000,0.00000000000,13.00000000000,11.00000000000,0.00000000000,76.50000000000,2647.00000000000,100.50000000000,134.00000000000,0.00000000000,120.50000000000,0.00000000000,2.00000000000,0.00000000000,0.00000000000,0.00000000000,0.50000000000,0.00000000000,112.00000000000,142.00000000000,0.00000000000,11.00000000000,0.00000000000,101.00000000000,0.00000000000,128.00000000000,0.00000000000,14.00000000000,155.50000000000,2575.50000000000,0.00000000000,120.50000000000,0.00000000000,35.00000000000,1.00000000000,327.50000000000,0.00000000000,2247.00000000000
365.00000000000,84.00000000000,15.00000000000,1.00000000000,0.00000000000,2741.50000000000,76.00000000000,120.50000000000,2554.50000000000,13.00000000000,0.00000000000,172.00000000000,647.00000000000,1.00000000000,0.00000000000,17.00000000000,7.00000000000,0.50000000000,60.00000000000,0.00000000000,0.00000000000,0.00000000000,0.00000000000,0.00000000000,0.00000000000,134.00000000000,2668.50000000000,2.50000000000,0.50000000000,25.50000000000,1.00000000000,2756.00000000000,117.00000000000,26.00000000000,0.00000000000,1.00000000000,0.00000000000,1.50000000000,0.00000000000,0.00000000000,0.00000000000,0.00000000000,0.00000000000,0.00000000000,0.00000000000,0.00000000000,0.00000000000,0.00000000000,0.00000000000,0.00000000000,0.00000000000
